# x1 y1 x2 y2
1510.97 491.79 1510.50 456.73
1510.97 491.79 1463.13 491.97
1510.97 491.79 1510.77 608.21
1510.97 491.79 1587.23 491.41
1510.97 491.79 1510.51 478.37
1390.20 416.78 1321.97 416.48
1390.20 416.78 1391.82 464.10
1390.20 416.78 1391.79 445.28
276.96 267.28 272.48 267.29
353.10 267.16 470.93 267.78
897.48 411.91 897.20 405.43
897.48 411.91 898.03 475.22
897.48 411.91 823.25 411.32
575.21 38.75 574.84 98.02
575.21 38.75 808.79 38.23
575.21 38.75 488.26 38.03
575.05 378.48 749.96 379.00
575.05 378.48 573.48 405.52
572.45 423.21 572.08 429.61
575.05 378.48 474.41 379.05
575.05 378.48 576.57 345.94
575.05 378.48 645.32 378.76
575.05 378.48 573.54 397.60
575.05 378.48 575.09 332.35
354.03 378.41 275.61 377.79
354.03 378.41 474.41 379.05
354.03 378.41 350.47 372.00
354.03 378.41 353.89 396.13
353.53 443.22 352.28 608.17
272.48 267.29 174.29 266.89
174.29 266.89 177.53 311.96
174.29 266.89 177.48 291.67
174.29 266.89 175.00 221.59
174.29 266.89 173.71 221.41
83.81 38.15 83.78 69.06
83.81 38.15 83.72 69.41
83.81 38.15 163.53 37.79
1668.64 365.48 1666.49 292.30
1668.64 365.48 1667.72 222.69
1668.64 365.48 1667.79 393.08
1668.64 365.48 1626.95 366.90
1668.64 365.48 1666.98 415.13
1668.64 365.48 1666.90 222.25
1668.64 365.48 1626.95 366.04
1585.39 366.59 1551.92 367.03
1668.64 365.48 1626.95 365.66
749.94 430.16 748.95 474.43
749.94 430.16 749.96 379.00
749.94 430.16 680.14 428.83
1461.57 271.05 1461.53 335.32
1461.57 271.05 1461.57 219.16
1461.57 271.05 1381.36 270.98
574.84 98.02 823.26 98.02
574.84 98.02 477.20 98.02
574.84 98.02 576.29 194.60
574.84 98.02 531.31 98.02
1320.59 607.95 1322.09 518.91
1320.59 607.95 1319.53 581.60
1461.53 335.32 1512.19 335.85
1461.53 335.32 1461.66 465.58
1461.53 335.32 1514.87 335.96
1461.53 335.32 1461.58 443.98
1459.50 520.19 1458.79 608.31
1545.16 421.04 1557.02 420.16
965.74 243.60 963.49 299.43
965.74 243.60 861.66 244.13
965.74 243.60 861.66 244.50
965.74 243.60 971.89 242.32
965.74 243.60 976.63 242.52
1077.44 232.51 1082.89 231.97
1661.66 95.49 1664.50 76.83
1661.66 95.49 1657.20 95.64
1591.74 97.87 1587.28 98.02
1707.91 97.63 1716.24 98.02
1661.66 95.49 1665.49 88.04
896.59 405.30 896.86 418.19
897.49 448.93 898.03 475.22
896.05 379.02 749.96 379.00
896.05 379.02 948.82 378.04
1666.51 333.64 1667.79 393.08
1663.23 181.28 1664.54 163.10
1666.54 135.58 1667.25 125.75
1663.23 181.28 1664.49 171.96
1663.23 181.28 1656.84 181.22
1652.91 181.19 1639.15 181.06
229.52 582.17 230.76 605.41
1321.97 416.48 1321.51 441.80
1321.97 416.48 1316.47 416.42
1184.56 415.20 1176.06 415.13
1321.97 416.48 1327.22 222.49
1321.97 416.48 1321.42 422.90
1317.60 467.37 1316.58 479.23
1316.24 483.18 1315.82 488.12
1321.97 416.48 1321.99 347.31
1329.25 98.02 1461.60 98.02
1288.19 98.02 1182.40 98.02
1288.22 98.02 1280.19 98.02
1461.60 98.02 1461.60 169.01
1461.60 98.02 1461.60 38.90
1461.60 98.02 1587.28 98.02
1461.60 98.02 1329.25 98.02
1288.22 98.02 1280.19 98.02
1669.36 464.25 1667.79 393.08
1669.36 464.25 1666.98 415.13
823.26 98.02 1018.59 98.02
823.26 98.02 826.53 55.15
823.26 98.02 823.26 194.59
823.26 98.02 531.31 98.02
823.26 98.02 1067.54 96.50
1458.79 608.31 1460.47 518.72
1494.89 675.55 1497.47 680.34
749.96 379.00 645.32 378.76
893.07 276.89 749.92 276.82
896.52 303.99 897.83 314.34
893.07 276.89 823.79 276.75
524.47 570.54 526.70 603.94
522.31 538.13 512.61 536.96
749.92 276.82 749.81 315.63
749.92 276.82 823.79 276.75
1341.18 38.29 1461.60 38.90
1310.57 38.18 1195.71 37.87
1327.47 54.73 1325.55 70.85
1422.26 492.37 1391.57 492.68
1463.13 491.97 1587.23 491.41
1422.25 492.49 1361.35 493.30
823.25 411.32 823.30 504.20
477.20 98.02 531.31 98.02
433.27 98.02 213.42 98.02
433.30 98.02 429.09 98.02
1716.29 135.68 1716.28 142.14
1716.29 135.68 1716.28 131.22
1716.29 135.68 1723.34 141.75
1716.29 135.68 1746.86 138.38
177.49 446.47 175.14 507.43
177.55 437.54 173.49 464.16
1666.69 70.51 1670.29 65.78
470.93 267.78 473.52 325.66
470.93 267.78 470.76 221.53
1316.92 483.33 1315.88 488.14
1268.37 466.65 1262.46 466.93
1018.59 98.02 1021.51 49.73
1018.59 98.02 1135.57 98.02
1018.59 98.02 1018.58 194.62
1018.59 98.02 1077.56 96.51
683.71 505.91 688.21 505.88
683.71 505.91 683.50 501.46
683.71 505.91 614.05 505.93
683.71 505.91 687.88 507.58
683.71 505.91 688.21 505.85
787.29 504.64 823.30 504.20
83.72 338.38 85.64 389.95
83.72 338.38 13.97 337.52
83.72 338.38 83.73 222.70
83.72 338.38 88.54 356.22
574.80 271.97 576.49 342.44
574.80 271.97 575.09 332.35
948.82 378.04 947.48 365.88
575.25 606.71 575.31 531.55
575.25 606.71 578.49 561.02
1627.40 491.61 1587.23 491.41
174.07 163.05 174.27 124.85
131.65 165.26 125.66 165.57
1669.31 517.34 1667.16 609.70
1669.31 517.34 1667.52 542.99
1391.57 492.68 1391.82 464.10
1391.57 492.68 1391.79 445.28
1391.57 492.68 1361.84 491.08
1391.57 492.68 1361.35 493.28
1004.04 38.28 842.85 38.20
1038.19 38.25 1161.94 37.93
749.98 556.47 748.55 541.04
749.98 556.47 749.94 608.40
1667.72 222.69 1667.79 393.08
1712.53 198.33 1716.24 196.31
787.29 505.28 857.18 505.24
787.29 505.25 823.30 504.20
1667.79 393.08 1666.98 415.13
1667.79 393.08 1666.58 222.03
1662.31 393.14 1652.35 393.23
1612.54 393.63 1606.56 393.68
1141.03 98.02 1135.57 98.02
1181.38 124.59 1180.80 165.17
1182.40 98.02 1280.19 98.02
1140.04 97.36 1086.49 96.51
1461.60 38.90 1652.05 37.71
1461.60 38.90 1652.05 38.73
680.14 428.83 671.42 428.89
623.30 429.24 595.45 429.44
591.48 429.47 572.08 429.61
680.14 428.83 671.42 428.99
1424.24 464.79 1436.22 465.04
1441.20 465.15 1450.18 465.34
1391.82 464.10 1391.79 445.28
275.61 377.79 271.77 384.18
275.61 377.79 272.46 366.89
963.69 306.85 1018.58 308.13
469.89 605.40 470.58 566.67
469.89 605.40 468.55 590.98
370.29 411.14 380.25 411.19
390.21 411.25 396.19 411.28
424.08 411.42 432.05 411.46
576.29 194.60 823.26 194.59
576.29 194.60 532.69 196.03
576.29 194.60 477.10 196.03
1716.24 196.31 1721.55 186.26
808.79 38.17 488.26 37.88
823.26 194.59 532.69 196.03
823.26 194.59 1018.58 194.62
823.26 194.59 911.75 196.03
1585.39 367.02 1551.92 367.06
83.72 126.87 83.72 165.48
83.72 126.87 83.73 165.50
572.08 429.61 572.45 435.04
573.51 450.87 575.27 477.08
572.08 429.61 572.43 423.13
573.50 403.21 576.57 345.94
572.08 429.61 591.36 429.72
595.31 429.75 623.48 429.92
572.08 429.61 572.22 423.18
83.72 440.86 84.03 603.92
83.73 440.86 84.57 525.94
83.73 440.86 84.24 554.57
83.88 440.84 88.47 455.10
470.90 462.55 470.94 505.94
470.90 462.55 469.52 471.93
1667.27 125.75 1666.52 148.38
1018.58 308.13 1018.63 269.37
1018.58 308.13 1018.74 470.10
577.76 531.44 578.49 547.23
575.27 477.08 573.01 423.19
531.31 98.02 531.39 103.46
531.31 98.02 477.20 98.02
433.30 98.02 429.09 98.02
1176.06 415.13 1102.30 415.12
1176.06 415.13 1176.87 471.50
1176.06 415.13 1179.75 220.68
1176.06 415.13 1179.90 220.68
1176.06 415.13 1178.54 223.21
473.52 387.33 470.95 411.21
532.69 196.03 477.10 196.03
532.69 196.03 476.67 196.03
532.69 196.03 476.67 195.48
435.13 195.08 383.79 194.58
1179.18 124.83 1180.80 165.17
1325.55 165.26 1325.55 125.40
815.91 244.36 614.05 244.53
435.13 196.03 214.76 196.03
435.13 195.38 383.79 194.58
435.13 195.76 255.86 194.58
122.59 98.02 172.31 98.02
122.59 98.02 173.31 98.02
173.73 567.06 174.29 605.44
169.62 550.18 166.60 537.76
1587.28 98.02 1591.42 111.82
1610.55 175.58 1612.12 180.82
1587.26 110.44 1587.20 157.66
456.43 37.86 193.63 37.76
469.47 56.11 470.95 69.29
819.66 244.53 614.05 244.53
1102.30 415.12 1102.32 497.62
576.57 345.94 474.42 345.94
576.57 345.94 708.13 345.94
576.57 345.94 575.09 332.35
1591.70 157.78 1587.20 157.66
410.89 553.44 406.09 552.38
1551.92 366.98 1583.10 365.85
1667.16 609.70 1667.52 542.99
1587.54 416.48 1591.58 400.08
1176.64 522.48 1175.91 609.24
1228.37 484.34 1238.26 485.11
1329.47 196.03 1377.87 196.03
1287.58 196.03 1182.79 196.03
1329.47 196.03 1419.74 196.03
1754.56 678.88 1636.04 680.35
1754.56 678.88 1761.96 671.56
1764.77 668.77 1771.11 662.49
474.42 345.94 346.46 345.94
474.42 345.94 380.71 345.94
1693.16 38.83 1706.54 39.21
1711.49 39.36 1716.44 39.50
1726.35 39.78 1735.27 40.04
173.48 594.04 174.29 605.44
170.28 548.95 166.44 535.55
165.12 530.93 163.93 526.78
118.41 550.30 113.97 550.42
142.10 550.79 137.15 551.11
119.35 552.28 114.40 552.60
88.69 554.28 84.24 554.57
575.31 531.55 578.52 553.21
645.89 533.69 651.82 533.87
177.51 426.43 175.14 507.43
245.03 412.93 252.98 413.04
177.51 415.48 173.53 448.13
1461.66 465.58 1461.58 443.98
1381.36 270.98 1378.49 209.35
1378.13 201.46 1377.87 196.03
1381.36 270.98 1381.45 188.14
748.51 560.02 749.94 608.40
804.85 533.49 811.81 533.72
209.09 295.62 220.97 295.82
227.90 295.94 235.82 296.08
1135.57 98.02 1141.03 98.02
1182.40 98.02 1280.19 98.02
1135.63 78.98 1135.67 67.76
1135.57 98.02 1083.51 96.49
174.29 605.44 173.45 599.05
166.84 548.90 165.68 540.05
402.73 536.93 403.35 541.81
449.41 529.55 456.37 530.24
1175.91 609.24 1175.53 522.48
1175.91 609.24 1174.50 529.18
1748.18 162.67 1747.48 149.78
857.18 505.24 823.30 504.20
84.03 603.92 84.57 525.94
84.03 603.92 84.24 554.57
470.94 505.94 473.44 490.68
1121.26 499.46 1102.32 497.62
1107.04 500.58 1096.14 499.92
1089.20 499.50 1057.98 497.62
1136.91 498.95 1132.87 498.35
465.08 554.22 464.22 549.41
462.83 541.73 461.11 532.13
1377.87 196.03 1329.47 196.03
1377.87 196.03 1419.74 196.03
1377.87 196.03 1378.56 189.71
1377.87 196.03 1378.93 189.74
172.89 195.39 122.72 194.63
214.76 196.03 435.32 196.03
214.76 196.03 383.79 194.58
214.76 196.03 255.86 194.58
1018.58 194.62 1139.79 195.68
1018.58 194.62 1021.38 214.51
1018.58 194.62 1137.90 194.58
1018.58 194.62 1080.36 194.58
1018.58 194.62 911.75 196.03
1286.74 196.03 1182.79 196.03
1286.74 196.03 1182.79 195.02
1284.78 186.91 1283.75 182.12
1282.92 178.28 1281.68 172.52
355.47 567.93 352.28 608.17
1139.79 195.44 1080.36 194.58
1077.47 231.93 1082.89 231.97
122.72 194.66 172.88 196.02
252.57 300.61 251.16 296.35
1757.22 24.82 1758.09 19.56
1735.27 40.02 1726.35 39.75
1717.44 39.49 1711.49 39.31
1706.54 39.16 1693.16 38.76
1614.61 680.35 1497.47 680.34
1614.56 680.17 1487.64 679.16
1465.66 678.98 1454.16 678.89
272.51 546.04 273.50 605.41
1021.34 611.11 1017.48 551.76
1031.71 663.85 1032.79 669.24
1021.32 611.10 1017.51 562.39
1013.62 512.67 1013.23 507.70
1012.22 494.78 1011.87 490.30
1018.63 269.37 1018.74 470.10
213.42 98.02 429.09 98.02
214.55 196.03 435.32 196.03
214.55 195.75 383.79 194.58
213.42 98.02 429.09 98.02
1726.74 18.92 1735.70 19.10
1747.64 19.35 1758.09 19.56
435.32 196.03 383.79 194.58
435.32 196.03 255.86 194.58
386.60 319.40 400.44 319.38
422.18 319.35 432.56 319.34
1587.16 336.83 1590.55 315.60
1587.16 336.83 1587.20 157.66
1591.83 161.96 1587.20 157.66
650.86 556.10 645.90 556.07
652.35 555.63 652.31 534.37
1586.50 193.02 1587.20 157.66
1080.66 69.16 1086.61 69.01
1098.50 68.71 1104.45 68.55
1124.27 68.05 1135.67 67.76
1080.66 69.21 1086.63 69.23
1098.56 69.28 1104.53 69.30
1111.48 69.33 1117.45 69.35
1123.42 69.38 1139.32 69.44
1064.06 680.34 1233.82 680.34
1064.06 680.34 1243.15 680.35
1064.06 680.34 1037.85 671.04
475.04 710.48 480.00 710.69
569.32 714.60 577.26 714.95
580.24 715.08 588.17 715.42
590.16 715.51 599.09 715.90
600.08 715.95 608.52 716.31
1281.63 86.78 1283.25 74.08
1283.50 72.13 1284.06 67.73
546.01 688.11 493.80 678.38
548.95 688.11 603.57 678.26
374.68 297.50 379.63 297.58
389.54 297.74 396.47 297.85
1497.47 680.34 1490.98 680.34
1462.01 680.34 1273.26 680.34
1243.30 680.34 1233.82 680.34
1497.47 680.34 1490.97 680.34
1462.98 680.35 1276.57 680.36
1497.47 680.34 1490.09 680.10
1465.48 679.27 1454.16 678.89
1497.47 680.34 1491.44 674.75
1482.22 666.19 1479.03 663.22
1126.44 165.61 1131.88 165.68
346.44 345.94 380.71 345.94
336.01 345.94 334.88 322.89
1102.32 497.62 1057.98 497.55
1102.32 497.62 1132.87 498.35
1133.38 172.91 1135.99 185.43
823.30 504.20 859.60 505.94
1233.82 680.34 1243.26 680.35
1233.82 680.34 1243.29 680.28
1273.20 680.08 1454.16 678.89
18.50 250.48 18.87 261.56
1546.02 707.77 1554.96 708.10
1137.90 194.58 1080.36 194.58
1012.45 494.69 1011.87 490.30
1276.57 680.36 1454.16 678.89
1386.91 154.19 1391.89 154.19
1417.76 154.19 1422.74 154.19
163.93 526.78 155.50 526.69
142.60 526.55 136.65 526.49
119.78 526.31 114.82 526.26
163.93 526.78 155.59 526.95
142.83 527.22 137.92 527.32
130.07 527.49 125.16 527.59
118.29 527.74 113.39 527.84
84.57 525.94 88.49 459.69
84.57 525.94 84.24 554.57
1454.16 678.89 1461.21 674.45
1317.69 726.77 1316.06 712.22
1032.79 669.24 982.79 677.93
1590.51 289.50 1587.20 157.66
57.42 665.28 88.14 676.10
1057.98 497.56 1132.87 498.35
88.50 466.60 84.24 554.57
982.79 677.93 584.30 678.30
511.30 678.36 493.80 678.38
982.79 677.93 603.57 678.26
1690.95 726.48 1691.49 713.22
1284.06 67.73 1274.62 68.10
1253.75 68.92 1247.79 69.15
493.80 678.38 88.14 676.10
250.78 67.74 244.86 67.96
219.22 68.95 212.81 69.20
1691.49 713.22 1687.14 714.14
1641.70 723.66 1632.99 725.48
383.79 194.58 255.86 194.58
568.35 725.18 577.06 723.26
578.03 723.04 582.87 721.98
604.16 717.28 608.52 716.31
491.00 38.00 806.00 38.00
1198.00 37.00 1308.00 37.00
1332.00 99.00 1589.00 99.00
594.00 679.00 969.00 679.00
176.00 505.00 176.00 271.00
479.00 195.00 1069.00 195.00
608.00 678.00 987.00 678.00
1332.00 196.00 1420.00 196.00
275.00 378.00 949.00 378.00
1020.00 469.00 1020.00 271.00
1710.00 98.00 1720.00 98.00
1065.00 680.00 1234.00 680.00
380.00 346.00 707.00 346.00
687.00 245.00 816.00 245.00
1324.00 453.00 1324.00 251.00
1589.00 505.00 1591.00 394.00
276.00 379.00 574.00 379.00
274.00 603.00 274.00 446.00
480.00 98.00 1069.00 98.00
1325.00 347.00 1325.00 224.00
175.00 505.00 175.00 271.00
912.00 37.00 1001.00 38.00
356.00 267.00 472.00 267.00
1178.00 457.00 1178.00 271.00
575.00 211.00 575.00 39.00
353.00 268.00 471.00 268.00
207.00 38.00 309.00 37.00
1462.00 428.00 1462.00 222.00
1668.00 381.00 1668.00 224.00
1669.00 461.00 1669.00 429.00
1318.00 680.00 1431.00 679.00
470.00 604.00 470.00 569.00
1513.00 606.00 1513.00 440.00
86.00 163.00 86.00 128.00
325.00 98.00 384.00 100.00
81.00 674.00 90.00 674.00
271.00 38.00 384.00 37.00
221.00 678.00 334.00 679.00
1019.00 192.00 1019.00 50.00
471.00 409.00 471.00 271.00
457.00 678.00 518.00 681.00
134.00 678.00 247.00 679.00
873.00 245.00 929.00 244.00
472.00 409.00 472.00 269.00
1179.00 365.00 1179.00 223.00
1461.00 555.00 1461.00 522.00
1384.00 37.00 1497.00 38.00
825.00 208.00 825.00 51.00
899.00 475.00 899.00 375.00
536.00 332.00 536.00 173.00
485.00 334.00 485.00 277.00
1323.00 453.00 1323.00 367.00
1589.00 609.00 1589.00 555.00
1640.00 680.00 1758.00 678.00
1512.00 606.00 1512.00 440.00
100.00 38.00 160.00 37.00
824.00 208.00 824.00 51.00
1177.00 468.00 1177.00 387.00
275.00 603.00 275.00 446.00
1102.00 497.00 1102.00 414.00
217.00 267.00 274.00 268.00
846.00 37.00 956.00 38.00
1589.00 334.00 1589.00 280.00
1060.00 498.00 1135.00 497.00
1322.00 606.00 1323.00 552.00
1531.00 679.00 1608.00 680.00
1283.00 680.00 1355.00 679.00
1020.00 671.00 1026.00 671.00
1719.00 196.00 1719.00 99.00
353.00 606.00 353.00 447.00
1364.00 492.00 1418.00 492.00
1103.00 497.00 1103.00 415.00
1672.00 679.00 1728.00 680.00
1119.00 37.00 1159.00 37.00
576.00 211.00 576.00 39.00
371.00 347.00 480.00 347.00
1668.00 519.00 1669.00 583.00
85.00 675.00 133.00 679.00
86.00 491.00 86.00 444.00
1041.00 37.00 1150.00 38.00
1111.00 498.00 1135.00 498.00
356.00 678.00 412.00 679.00
376.00 38.00 432.00 37.00
1326.00 164.00 1326.00 127.00
1498.00 493.00 1616.00 491.00
767.00 37.00 805.00 37.00
750.00 609.00 750.00 572.00
1088.00 679.00 1144.00 679.00
1589.00 279.00 1589.00 237.00
535.00 334.00 535.00 173.00
1019.00 351.00 1019.00 295.00
1331.00 417.00 1392.00 416.00
1522.00 37.00 1635.00 38.00
86.00 601.00 86.00 548.00
1414.00 680.00 1452.00 680.00
1491.00 678.00 1555.00 680.00
86.00 259.00 86.00 287.00
1019.00 609.00 1020.00 527.00
1176.00 610.00 1177.00 559.00
1465.00 37.00 1575.00 38.00
900.00 374.00 900.00 408.00
1184.00 194.00 1237.00 196.00
1344.00 37.00 1396.00 38.00
232.00 603.00 232.00 538.00
269.00 196.00 384.00 194.00
749.00 277.00 899.00 277.00
180.00 269.00 202.00 268.00
85.00 225.00 86.00 258.00
492.00 37.00 537.00 37.00
1589.00 232.00 1589.00 176.00
1460.00 606.00 1460.00 521.00
575.00 333.00 577.00 271.00
418.00 678.00 474.00 679.00
749.00 474.00 749.00 371.00
116.00 677.00 140.00 679.00
576.00 534.00 576.00 571.00
309.00 678.00 365.00 679.00
575.00 377.00 681.00 377.00
1630.00 367.00 1652.00 367.00
1180.00 67.00 1180.00 49.00
618.00 506.00 686.00 506.00
176.00 153.00 176.00 126.00
1020.00 184.00 1020.00 128.00
484.00 339.00 484.00 284.00
965.00 256.00 965.00 308.00
1589.00 143.00 1590.00 98.00
564.00 684.00 571.00 684.00
86.00 38.00 145.00 37.00
526.00 571.00 527.00 589.00
85.00 67.00 85.00 37.00
839.00 278.00 898.00 278.00
88.00 333.00 88.00 296.00
1185.00 99.00 1237.00 98.00
1381.00 271.00 1455.00 272.00
274.00 331.00 275.00 392.00
485.00 121.00 487.00 187.00
1179.00 127.00 1179.00 165.00
86.00 547.00 86.00 513.00
824.00 411.00 896.00 411.00
1493.00 679.00 1524.00 680.00
825.00 504.00 825.00 466.00
403.00 678.00 440.00 679.00
86.00 67.00 86.00 39.00
1105.00 414.00 1150.00 415.00
1380.00 206.00 1381.00 270.00
1462.00 165.00 1462.00 118.00
264.00 679.00 301.00 678.00
575.00 360.00 575.00 416.00
561.00 685.00 567.00 685.00
503.00 681.00 513.00 681.00
898.00 609.00 898.00 572.00
1176.00 579.00 1177.00 525.00
1590.00 609.00 1590.00 580.00
231.00 603.00 231.00 539.00
1325.00 164.00 1325.00 127.00
471.00 464.00 472.00 505.00
1403.00 271.00 1454.00 271.00
821.00 505.00 858.00 505.00
176.00 604.00 176.00 568.00
1720.00 197.00 1720.00 101.00
824.00 476.00 825.00 420.00
890.00 38.00 908.00 37.00
337.00 196.00 383.00 196.00
86.00 357.00 86.00 388.00
1588.00 327.00 1588.00 287.00
86.00 348.00 90.00 336.00
268.00 97.00 328.00 99.00
615.00 246.00 686.00 246.00
1020.00 50.00 1020.00 79.00
1455.00 679.00 1480.00 670.00
1104.00 415.00 1121.00 415.00
471.00 150.00 472.00 164.00
1668.00 457.00 1668.00 429.00
574.00 478.00 575.00 419.00
1020.00 609.00 1020.00 559.00
526.00 560.00 527.00 578.00
1459.00 606.00 1459.00 564.00
274.00 375.00 275.00 331.00
1271.00 683.00 1275.00 683.00
1201.00 38.00 1219.00 38.00
686.00 504.00 686.00 430.00
570.00 635.00 582.00 635.00
1749.00 160.00 1749.00 138.00
1324.00 70.00 1327.00 48.00
598.00 430.00 620.00 430.00
1462.00 95.00 1462.00 41.00
490.00 244.00 492.00 260.00
1322.00 578.00 1324.00 520.00
1019.00 294.00 1019.00 275.00
674.00 429.00 742.00 429.00
85.00 147.00 85.00 128.00
485.00 156.00 486.00 178.00
352.00 393.00 354.00 331.00
930.00 244.00 979.00 244.00
1049.00 676.00 1053.00 676.00
966.00 307.00 966.00 245.00
269.00 195.00 304.00 195.00
825.00 412.00 898.00 412.00
471.00 136.00 472.00 152.00
575.00 477.00 576.00 430.00
573.00 682.00 584.00 682.00
1594.00 37.00 1649.00 37.00
750.00 394.00 750.00 450.00
1356.00 679.00 1399.00 680.00
471.00 49.00 473.00 68.00
1669.00 227.00 1669.00 255.00
872.00 244.00 928.00 245.00
1461.00 428.00 1461.00 271.00
988.00 676.00 1001.00 676.00
1223.00 195.00 1237.00 195.00
175.00 139.00 175.00 153.00
471.00 230.00 472.00 252.00
497.00 291.00 498.00 309.00
578.00 681.00 593.00 681.00
1668.00 588.00 1668.00 542.00
341.00 38.00 369.00 38.00
526.00 549.00 527.00 568.00
514.00 682.00 540.00 687.00
88.00 675.00 98.00 675.00
845.00 38.00 873.00 38.00
1380.00 197.00 1381.00 221.00
749.00 280.00 750.00 312.00
751.00 609.00 751.00 572.00
1180.00 233.00 1180.00 250.00
479.00 196.00 854.00 196.00
1162.00 679.00 1218.00 679.00
1485.00 492.00 1502.00 492.00
1185.00 196.00 1209.00 196.00
76.00 673.00 84.00 673.00
190.00 269.00 232.00 267.00
969.00 37.00 976.00 37.00
1256.00 691.00 1260.00 691.00
949.00 377.00 950.00 349.00
407.00 38.00 452.00 37.00
1750.00 137.00 1750.00 160.00
1019.00 404.00 1019.00 460.00
899.00 313.00 899.00 284.00
492.00 99.00 548.00 99.00
832.00 504.00 859.00 503.00
526.00 582.00 528.00 606.00
1727.00 138.00 1743.00 137.00
575.00 341.00 576.00 375.00
1342.00 195.00 1370.00 195.00
585.00 680.00 606.00 680.00
220.00 37.00 252.00 37.00
329.00 99.00 384.00 97.00
535.00 106.00 536.00 123.00
1729.00 680.00 1755.00 679.00
575.00 325.00 575.00 288.00
1560.00 492.00 1604.00 492.00
1059.00 679.00 1087.00 679.00
867.00 379.00 923.00 379.00
943.00 346.00 949.00 346.00
1629.00 366.00 1667.00 366.00
1357.00 417.00 1391.00 417.00
470.00 127.00 472.00 144.00
1364.00 493.00 1419.00 493.00
971.00 677.00 985.00 677.00
175.00 568.00 175.00 604.00
1180.00 127.00 1180.00 161.00
1554.00 366.00 1569.00 367.00
1024.00 670.00 1028.00 670.00
1002.00 99.00 1058.00 99.00
1363.00 98.00 1419.00 98.00
1123.00 414.00 1170.00 415.00
1668.00 589.00 1668.00 607.00
1241.00 683.00 1246.00 683.00
276.00 99.00 324.00 98.00
1016.00 672.00 1023.00 672.00
1084.00 38.00 1093.00 38.00
526.00 539.00 527.00 552.00
899.00 609.00 900.00 571.00
1589.00 481.00 1590.00 497.00
471.00 569.00 471.00 604.00
979.00 307.00 997.00 308.00
64.00 289.00 64.00 295.00
1622.00 689.00 1640.00 681.00
1510.00 98.00 1566.00 98.00
471.00 475.00 471.00 505.00
1179.00 67.00 1179.00 49.00
796.00 244.00 817.00 244.00
1031.00 196.00 1069.00 196.00
1589.00 162.00 1589.00 172.00
598.00 429.00 620.00 429.00
898.00 306.00 898.00 279.00
790.00 505.00 824.00 504.00
1262.00 38.00 1290.00 38.00
824.00 435.00 825.00 465.00
1176.00 550.00 1176.00 531.00
344.00 678.00 355.00 678.00
900.00 475.00 900.00 419.00
1045.00 674.00 1056.00 678.00
1380.00 269.00 1381.00 247.00
61.00 666.00 73.00 672.00
1570.00 680.00 1580.00 680.00
687.00 244.00 731.00 244.00
568.00 683.00 577.00 683.00
1277.00 681.00 1287.00 681.00
248.00 383.00 256.00 386.00
1432.00 679.00 1451.00 679.00
949.00 372.00 949.00 347.00
1669.00 378.00 1669.00 322.00
702.00 430.00 742.00 430.00
174.00 679.00 202.00 678.00
471.00 223.00 472.00 240.00
1333.00 98.00 1351.00 98.00
1324.00 48.00 1326.00 69.00
996.00 307.00 1012.00 307.00
1468.00 336.00 1507.00 336.00
330.00 613.00 334.00 613.00
748.00 316.00 750.00 278.00
1343.00 39.00 1383.00 37.00
273.00 278.00 276.00 266.00
1589.00 153.00 1589.00 161.00
1669.00 519.00 1669.00 532.00
85.00 241.00 85.00 230.00
175.00 138.00 175.00 126.00
1185.00 98.00 1238.00 100.00
1291.00 38.00 1301.00 38.00
519.00 682.00 532.00 684.00
576.00 574.00 577.00 605.00
1219.00 679.00 1225.00 679.00
536.00 105.00 536.00 120.00
1467.00 492.00 1484.00 492.00
196.00 38.00 219.00 37.00
977.00 37.00 1000.00 37.00
1002.00 676.00 1011.00 673.00
526.00 592.00 527.00 604.00
1425.00 38.00 1453.00 37.00
375.00 679.00 393.00 678.00
1479.00 664.00 1482.00 672.00
486.00 180.00 486.00 186.00
86.00 492.00 86.00 500.00
471.00 145.00 472.00 156.00
1230.00 681.00 1239.00 681.00
1038.00 613.00 1042.00 613.00
1293.00 679.00 1317.00 680.00
1324.00 522.00 1324.00 539.00
558.00 686.00 563.00 686.00
481.00 243.00 483.00 249.00
1176.00 581.00 1177.00 597.00
1582.00 680.00 1597.00 679.00
986.00 677.00 995.00 677.00
1670.00 54.00 1670.00 50.00
1041.00 38.00 1065.00 38.00
217.00 538.00 229.00 538.00
537.00 332.00 567.00 333.00
353.00 270.00 354.00 278.00
217.00 539.00 230.00 539.00
86.00 512.00 86.00 508.00
824.00 434.00 824.00 414.00
544.00 690.00 552.00 690.00
713.00 37.00 766.00 37.00
1733.00 138.00 1747.00 137.00
1399.00 195.00 1420.00 195.00
1263.00 688.00 1270.00 684.00
336.00 331.00 340.00 338.00
1392.00 486.00 1392.00 482.00
1589.00 440.00 1589.00 480.00
1527.00 491.00 1559.00 491.00
506.00 302.00 507.00 312.00
1392.00 428.00 1392.00 419.00
486.00 122.00 486.00 140.00
1589.00 100.00 1589.00 107.00
1605.00 492.00 1626.00 491.00
929.00 245.00 956.00 245.00
824.00 477.00 824.00 497.00
1462.00 117.00 1462.00 102.00
485.00 141.00 485.00 155.00
470.00 48.00 472.00 67.00
538.00 333.00 568.00 332.00
1590.00 555.00 1590.00 576.00
750.00 474.00 750.00 455.00
590.00 437.00 590.00 425.00
1655.00 679.00 1671.00 679.00
335.00 290.00 335.00 284.00
1380.00 272.00 1400.00 272.00
753.00 278.00 781.00 278.00
729.00 613.00 733.00 613.00
1458.00 679.00 1471.00 674.00
86.00 352.00 90.00 338.00
85.00 148.00 85.00 157.00
1626.00 689.00 1637.00 681.00
1056.00 677.00 1061.00 678.00
175.00 55.00 176.00 49.00
471.00 248.00 472.00 261.00
240.00 267.00 268.00 267.00
368.00 371.00 370.00 346.00
525.00 539.00 527.00 556.00
1669.00 256.00 1669.00 288.00
526.00 598.00 526.00 605.00
575.00 287.00 576.00 272.00
492.00 245.00 492.00 254.00
878.00 616.00 882.00 616.00
1019.00 461.00 1019.00 469.00
1012.00 673.00 1019.00 673.00
549.00 99.00 1001.00 99.00
472.00 128.00 472.00 132.00
1037.00 662.00 1038.00 667.00
790.00 504.00 799.00 504.00
1391.00 420.00 1391.00 428.00
334.00 350.00 334.00 332.00
1274.00 682.00 1280.00 682.00
1107.00 37.00 1118.00 37.00
1254.00 689.00 1262.00 689.00
246.00 378.00 248.00 370.00
1648.00 679.00 1654.00 679.00
1605.00 681.00 1611.00 681.00
472.00 49.00 472.00 53.00
435.00 38.00 448.00 38.00
1039.00 671.00 1058.00 678.00
497.00 301.00 497.00 309.00
1553.00 365.00 1582.00 366.00
482.00 678.00 494.00 680.00
1589.00 144.00 1589.00 152.00
796.00 379.00 810.00 379.00
334.00 284.00 334.00 292.00
489.00 347.00 558.00 347.00
1567.00 98.00 1587.00 98.00
1766.00 672.00 1769.00 667.00
967.00 307.00 985.00 308.00
141.00 679.00 155.00 679.00
1639.00 38.00 1647.00 38.00
1237.00 682.00 1243.00 682.00
175.00 49.00 177.00 56.00
1020.00 80.00 1020.00 122.00
