# x1 y1 x2 y2
139.52 239.29 84.20 238.79
139.52 239.29 138.63 182.89
139.52 239.29 171.99 239.03
139.52 239.29 139.41 377.41
139.52 239.29 173.29 239.14
139.52 239.29 60.25 239.42
139.52 239.29 137.49 294.71
695.55 238.75 605.31 238.99
695.55 238.75 640.41 239.09
695.55 238.75 716.75 241.50
722.66 242.27 733.01 243.61
695.55 238.75 695.99 161.42
695.55 238.75 719.63 238.95
249.20 155.63 180.06 155.63
249.20 155.63 250.25 190.64
580.34 239.15 560.18 239.27
605.31 238.99 640.41 239.09
389.14 461.13 638.78 461.32
389.14 461.13 389.71 433.30
389.14 461.13 244.57 460.73
382.26 471.37 372.36 486.11
389.14 461.13 369.21 462.00
389.14 461.13 286.79 460.70
389.14 461.13 358.74 459.49
259.06 454.09 250.59 453.63
638.78 461.32 638.92 434.54
638.78 461.32 641.56 438.20
645.47 405.61 646.34 398.40
638.78 461.32 369.21 462.00
84.20 238.79 171.99 239.03
84.20 238.79 83.02 72.88
84.20 238.79 60.25 239.42
84.20 238.79 65.98 241.45
55.15 243.04 48.76 243.97
84.20 238.79 52.89 241.32
47.92 241.72 42.95 242.12
38.97 242.44 33.01 242.93
84.20 238.79 73.02 236.43
140.66 461.57 138.59 434.79
140.66 461.57 244.57 460.73
140.66 461.57 137.46 443.45
140.66 461.57 168.89 459.53
306.86 99.09 306.86 127.42
302.37 99.12 140.03 100.18
306.86 99.09 306.44 51.18
309.35 99.13 375.57 100.18
306.86 99.09 306.85 51.18
309.35 99.12 398.31 100.18
302.36 99.13 209.90 99.95
302.40 99.13 197.79 99.97
180.27 405.65 251.83 405.60
121.09 413.46 115.28 414.22
104.64 415.63 99.31 416.33
139.14 127.38 140.03 100.18
306.42 239.12 305.20 190.65
306.42 239.12 281.74 239.35
306.42 239.12 306.86 264.68
306.42 239.12 281.56 239.10
306.42 239.12 308.56 254.28
306.42 239.12 306.86 207.44
528.14 155.63 600.05 155.63
528.14 155.63 527.74 190.64
251.83 405.60 347.61 405.77
251.83 405.60 250.48 417.83
251.83 405.60 251.40 420.77
251.24 426.64 250.72 444.73
251.83 405.60 251.44 420.80
251.29 426.68 250.78 446.28
139.66 44.01 294.36 44.56
139.66 44.01 292.08 44.30
139.66 44.01 197.86 44.45
393.64 405.77 597.44 405.75
250.25 190.64 305.20 190.65
237.54 209.05 232.74 216.00
389.12 378.49 389.86 350.20
400.52 378.22 406.47 378.08
418.37 377.79 423.32 377.67
476.37 99.46 638.23 100.17
472.88 99.45 472.90 127.42
472.88 99.45 475.50 89.29
472.88 99.45 472.90 52.06
472.88 99.45 474.78 52.55
469.41 99.47 375.57 100.18
469.40 99.48 398.31 100.18
476.37 99.45 589.39 99.66
306.83 320.50 306.86 350.17
497.52 239.15 472.88 239.11
560.18 239.27 578.30 239.11
628.55 63.19 631.38 74.00
628.55 63.19 630.09 81.74
607.30 63.19 602.36 63.19
636.10 44.05 487.06 44.53
636.10 44.05 486.18 44.46
636.10 44.05 583.36 44.33
389.86 350.20 472.74 350.16
389.86 350.20 391.53 371.35
389.86 350.20 306.86 350.17
472.74 350.16 472.89 320.38
472.74 350.16 470.51 333.16
305.20 190.65 306.86 207.44
394.26 406.08 597.44 405.75
394.26 406.08 434.95 404.85
388.35 44.68 457.15 44.18
388.35 44.68 318.48 44.61
388.35 44.68 409.56 46.48
388.35 44.68 318.48 44.30
388.35 44.68 459.88 44.53
388.35 44.68 318.48 44.41
388.35 44.68 389.25 60.72
466.41 293.36 464.21 284.19
695.74 72.51 682.02 74.44
695.74 72.51 679.24 72.63
695.74 72.51 695.99 161.42
638.93 182.86 640.41 239.09
306.86 350.17 308.54 334.02
638.23 100.17 638.94 127.43
638.23 100.17 641.60 114.05
638.23 100.17 589.39 99.66
472.88 239.11 475.53 199.05
472.88 239.11 472.87 264.74
472.88 239.11 495.00 239.18
472.88 239.11 472.32 203.94
618.71 81.74 613.76 81.74
606.83 81.74 601.88 81.74
618.94 81.74 613.12 81.74
130.55 151.77 128.95 145.63
346.13 155.63 432.96 155.63
218.74 239.10 199.95 239.02
140.03 100.18 209.90 99.95
140.03 100.18 197.79 99.97
476.08 190.64 527.74 190.64
475.41 193.02 472.32 203.94
517.50 205.56 510.03 216.44
528.72 216.08 528.91 221.07
640.41 239.09 638.93 377.83
640.41 239.09 605.31 239.10
640.41 239.09 641.50 268.46
640.41 239.09 719.63 238.95
645.50 402.49 646.34 398.40
651.28 413.32 656.20 414.01
660.13 414.56 665.05 415.25
670.95 416.08 678.33 417.12
597.44 405.75 434.95 404.85
199.95 239.05 216.65 239.06
487.06 44.53 583.36 44.33
577.98 286.06 578.48 295.06
577.98 286.06 572.63 285.92
557.05 285.52 552.19 285.39
134.49 403.48 132.65 413.18
216.65 239.06 199.95 239.02
678.33 417.12 671.91 417.12
665.99 417.13 661.05 417.13
678.33 417.12 678.07 406.06
678.05 405.10 677.88 397.89
294.36 44.58 197.86 44.45
648.69 160.81 648.50 146.68
664.95 160.82 669.88 160.82
675.79 160.83 680.23 160.83
664.95 161.02 669.88 161.09
675.79 161.16 680.72 161.23
586.53 69.54 587.04 63.19
585.55 81.75 589.90 81.75
601.50 81.75 606.34 81.75
357.31 184.16 359.91 201.35
357.31 184.16 352.86 184.16
348.90 184.17 342.97 184.17
578.88 302.16 570.51 300.95
548.84 297.81 537.02 296.10
526.18 294.54 512.88 292.61
578.88 302.16 570.60 301.32
547.21 298.93 542.83 298.48
578.88 302.16 571.70 301.90
116.28 397.27 121.27 397.21
126.26 397.15 132.25 397.08
83.02 72.88 97.79 72.53
83.02 72.88 94.93 74.44
265.02 292.59 243.23 292.72
265.02 292.59 253.83 294.54
238.27 297.24 228.54 298.94
265.02 292.59 255.70 294.42
237.06 298.08 230.20 299.43
265.02 292.59 253.95 290.42
237.60 287.22 231.34 285.99
644.76 417.14 645.14 412.70
645.47 408.75 646.34 398.40
294.36 44.32 197.86 44.45
486.18 44.48 583.36 44.33
371.81 89.37 366.10 72.93
375.57 100.18 398.31 100.18
286.50 448.97 290.60 434.76
512.88 292.61 522.06 294.41
538.48 297.63 542.83 298.48
512.88 292.61 524.09 294.57
537.72 296.95 547.47 298.65
292.08 44.30 197.86 44.45
404.89 475.12 404.00 479.39
403.41 482.23 401.72 490.30
728.11 241.90 719.63 238.95
128.95 145.63 130.46 164.27
244.57 460.73 369.21 462.00
248.35 434.54 249.49 426.64
244.57 460.73 286.79 460.70
326.29 203.42 330.74 203.15
341.62 202.48 348.54 202.05
350.51 201.93 359.91 201.35
196.95 63.67 196.76 81.72
747.16 211.64 748.40 220.50
747.16 211.64 742.76 211.26
401.72 490.30 393.33 489.23
99.31 416.33 104.66 416.06
115.36 415.51 121.19 415.21
124.11 415.06 130.92 414.71
369.57 10.69 372.05 28.74
369.57 10.69 375.73 12.26
404.16 19.52 412.21 21.57
369.57 10.69 374.83 11.08
433.51 198.09 434.11 183.97
433.28 203.45 437.60 203.37
449.12 203.16 453.44 203.08
196.76 81.72 191.33 81.72
171.57 81.71 166.64 81.71
155.77 81.71 150.34 81.71
196.76 81.72 191.53 81.73
196.76 81.72 191.32 81.74
369.56 90.63 366.10 72.93
60.25 239.42 48.76 243.97
60.25 239.42 52.81 240.26
46.86 240.93 41.91 241.49
38.93 241.83 33.97 242.39
26.04 243.28 20.09 243.96
60.25 239.42 52.79 239.81
174.71 199.32 171.99 205.21
312.48 289.37 312.77 284.12
171.99 205.21 180.84 207.42
187.37 209.05 192.50 210.33
171.99 205.21 176.31 204.46
189.77 202.14 196.98 200.89
372.03 486.03 369.72 466.41
749.26 226.56 744.93 227.58
369.21 462.00 286.79 460.70
8.19 226.86 12.26 232.99
152.21 63.36 150.34 81.71
243.23 292.72 234.37 295.28
233.44 295.55 226.91 297.44
466.57 303.05 464.21 284.19
130.46 164.27 125.14 164.20
114.51 164.07 110.16 164.01
132.42 414.15 133.63 398.53
575.28 210.10 577.41 205.09
575.28 210.10 587.07 208.11
591.78 207.32 596.97 206.44
575.28 210.10 580.56 211.55
589.21 213.91 594.50 215.35
341.83 284.05 342.43 303.23
717.81 209.11 719.78 222.44
717.81 209.11 723.68 219.66
412.21 21.57 406.08 19.50
48.76 243.97 43.41 243.98
24.94 244.00 20.08 244.01
48.76 243.97 43.35 243.81
26.64 243.28 18.78 243.03
150.34 81.71 155.71 81.72
166.46 81.74 171.34 81.75
150.34 81.71 155.77 81.73
110.77 145.39 110.50 153.72
188.74 283.07 193.69 283.47
188.74 283.06 193.64 283.40
249.59 426.63 250.72 444.73
249.58 426.63 250.28 445.29
423.43 377.79 418.52 377.96
434.72 377.40 434.86 381.71
434.95 384.58 435.23 393.68
200.80 299.50 205.46 300.54
542.83 298.48 547.26 299.12
480.00 100.00 633.00 100.00
142.00 462.00 357.00 462.00
529.00 156.00 598.00 156.00
640.00 376.00 640.00 185.00
182.00 405.00 347.00 405.00
140.00 376.00 140.00 184.00
489.00 45.00 633.00 45.00
639.00 376.00 639.00 185.00
139.00 376.00 139.00 184.00
146.00 44.00 291.00 44.00
477.00 462.00 590.00 461.00
473.00 125.00 473.00 56.00
451.00 406.00 595.00 406.00
348.00 155.00 431.00 155.00
84.00 238.00 84.00 73.00
695.00 238.00 695.00 177.00
696.00 177.00 696.00 222.00
71.00 239.00 136.00 239.00
307.00 126.00 307.00 54.00
306.00 350.00 474.00 350.00
306.00 262.00 306.00 184.00
695.00 129.00 696.00 73.00
451.00 405.00 488.00 405.00
493.00 44.00 549.00 44.00
237.00 463.00 301.00 463.00
574.00 462.00 630.00 461.00
181.00 156.00 251.00 155.00
146.00 99.00 204.00 100.00
421.00 462.00 518.00 461.00
170.00 45.00 226.00 45.00
307.00 262.00 307.00 206.00
389.00 455.00 389.00 436.00
640.00 459.00 640.00 436.00
440.00 45.00 457.00 45.00
367.00 156.00 423.00 156.00
241.00 100.00 297.00 100.00
551.00 155.00 598.00 155.00
533.00 405.00 589.00 405.00
271.00 190.00 305.00 190.00
695.00 73.00 696.00 129.00
473.00 246.00 473.00 218.00
638.00 101.00 641.00 127.00
321.00 44.00 356.00 44.00
432.00 44.00 457.00 44.00
602.00 462.00 641.00 462.00
425.00 101.00 459.00 100.00
182.00 406.00 210.00 406.00
271.00 191.00 305.00 191.00
303.00 461.00 355.00 461.00
310.00 406.00 346.00 406.00
528.00 185.00 528.00 155.00
574.00 44.00 630.00 44.00
705.00 240.00 722.00 240.00
139.00 437.00 139.00 459.00
473.00 348.00 473.00 324.00
609.00 239.00 633.00 239.00
140.00 125.00 141.00 102.00
681.00 72.00 694.00 73.00
390.00 455.00 390.00 436.00
320.00 46.00 356.00 45.00
389.00 376.00 389.00 351.00
139.00 43.00 145.00 43.00
250.00 185.00 251.00 158.00
646.00 239.00 696.00 238.00
160.00 461.00 216.00 461.00
307.00 322.00 308.00 349.00
638.00 127.00 640.00 101.00
307.00 184.00 307.00 205.00
530.00 461.00 546.00 462.00
639.00 461.00 639.00 436.00
250.00 156.00 252.00 186.00
209.00 100.00 227.00 100.00
529.00 185.00 529.00 157.00
484.00 189.00 493.00 191.00
314.00 100.00 346.00 100.00
383.00 54.00 396.00 54.00
139.00 125.00 140.00 102.00
149.00 239.00 155.00 239.00
285.00 239.00 305.00 239.00
539.00 155.00 550.00 155.00
437.00 461.00 474.00 462.00
203.00 239.00 210.00 239.00
82.00 72.00 98.00 72.00
140.00 461.00 156.00 461.00
727.00 244.00 733.00 244.00
707.00 241.00 724.00 241.00
306.00 112.00 306.00 56.00
140.00 460.00 140.00 437.00
181.00 155.00 224.00 155.00
474.00 239.00 494.00 239.00
272.00 45.00 290.00 45.00
484.00 192.00 497.00 190.00
387.00 146.00 394.00 146.00
306.00 322.00 306.00 347.00
564.00 239.00 576.00 239.00
390.00 366.00 390.00 351.00
231.00 100.00 240.00 100.00
473.00 251.00 473.00 261.00
267.00 406.00 309.00 406.00
383.00 53.00 396.00 53.00
247.00 45.00 271.00 45.00
247.00 415.00 258.00 415.00
697.00 239.00 704.00 239.00
348.00 156.00 366.00 156.00
156.00 239.00 169.00 239.00
460.00 100.00 468.00 99.00
246.00 414.00 259.00 414.00
682.00 72.00 697.00 72.00
433.00 45.00 439.00 45.00
211.00 406.00 256.00 406.00
148.00 45.00 162.00 45.00
83.00 73.00 98.00 73.00
228.00 156.00 249.00 156.00
306.00 117.00 306.00 126.00
696.00 232.00 696.00 223.00
519.00 461.00 537.00 462.00
