# x1 y1 x2 y2
777.50 358.78 776.44 274.56
777.50 358.78 778.66 437.54
777.50 358.78 830.84 358.38
777.50 358.78 802.65 356.47
777.50 358.78 809.85 357.58
777.50 358.78 776.90 316.76
14.83 177.74 80.12 177.74
14.83 177.74 13.34 262.78
377.25 488.47 710.28 488.34
302.64 488.50 197.80 487.50
369.94 540.60 371.98 589.06
297.01 224.61 246.86 224.56
80.12 177.74 78.42 217.11
487.05 275.73 487.05 224.59
487.05 275.73 487.05 194.15
487.05 380.23 487.05 406.25
200.16 408.09 78.40 406.25
200.16 408.09 197.80 487.50
200.16 408.09 122.85 406.26
200.16 408.09 142.87 406.93
487.05 224.59 487.05 194.15
487.05 224.59 487.05 192.94
487.05 224.59 708.82 223.44
370.38 438.11 371.62 406.25
778.59 540.22 776.27 589.06
311.15 144.67 366.96 144.43
710.28 488.34 377.54 488.52
175.43 326.70 123.98 326.07
175.43 326.70 164.18 328.47
175.43 326.70 141.85 326.69
371.62 406.25 245.16 407.30
371.62 406.25 487.05 406.25
371.62 406.25 315.88 406.39
245.14 379.77 245.16 407.30
245.03 277.59 245.19 192.97
245.03 277.59 246.86 224.56
147.01 487.50 197.80 487.50
775.62 64.74 776.22 172.66
775.62 64.74 487.97 64.75
365.28 175.64 366.96 144.43
245.19 64.66 245.14 92.45
245.19 64.66 245.19 93.70
245.19 64.66 487.97 64.75
555.40 325.00 607.68 325.00
555.40 325.00 583.25 325.23
245.16 407.30 245.18 380.86
245.16 407.30 315.88 406.39
246.44 192.02 246.86 224.56
76.12 306.76 78.40 406.25
776.44 274.56 776.90 316.76
78.41 589.07 78.41 570.67
78.41 569.67 78.40 536.36
78.41 589.07 371.98 589.06
78.40 436.82 78.40 406.25
78.40 438.60 78.40 406.25
245.19 192.97 246.86 224.56
366.96 144.43 418.67 143.62
78.40 406.25 122.85 406.26
78.40 406.25 142.87 406.93
123.98 326.07 141.85 326.69
487.76 94.48 487.97 64.75
607.68 325.00 583.25 325.23
615.97 337.61 622.66 347.77
487.05 92.94 487.97 64.75
371.98 589.06 547.20 589.06
776.27 589.06 547.20 589.06
487.05 380.87 487.05 406.25
527.28 0.00 518.47 23.94
115.76 336.10 126.77 359.29
830.84 358.38 826.92 356.27
830.84 358.38 809.85 357.58
365.28 274.22 365.28 323.73
169.89 259.96 165.44 259.96
131.82 260.00 122.93 260.01
117.98 260.02 107.60 260.03
169.89 259.96 166.91 243.86
169.89 259.96 165.39 259.88
796.97 321.57 807.30 345.69
499.63 49.15 502.62 45.15
499.66 36.31 501.33 32.25
518.47 23.94 509.11 0.03
504.98 31.49 487.58 41.23
576.09 624.64 567.13 648.22
107.60 260.03 108.40 255.64
109.82 247.83 110.80 242.46
107.60 260.03 117.85 259.80
122.73 259.69 133.47 259.45
110.80 242.46 118.19 242.64
122.12 242.74 132.95 243.01
157.56 243.62 166.91 243.86
110.80 242.46 117.27 242.46
123.24 242.47 131.20 242.48
567.13 648.22 557.76 633.85
547.20 589.06 549.15 616.76
547.20 589.06 545.55 594.17
541.36 607.17 539.86 611.82
807.30 345.69 817.81 321.37
144.11 353.40 149.27 351.65
850.49 352.08 851.37 335.91
818.07 356.46 809.85 357.58
166.91 243.86 158.61 243.51
585.43 331.21 594.97 357.40
516.02 640.24 522.10 642.44
527.71 644.46 537.52 648.01
516.02 640.24 520.74 637.54
528.45 633.13 532.74 630.69
536.17 628.73 542.17 625.30
516.02 640.24 519.62 637.61
528.42 631.18 535.22 626.22
540.51 641.29 542.49 636.81
501.33 32.25 514.05 42.23
540.11 624.47 535.22 626.22
122.85 406.26 142.87 406.93
246.00 64.00 778.00 64.00
79.00 589.00 778.00 589.00
246.00 65.00 777.00 65.00
380.00 488.00 709.00 488.00
372.00 588.00 777.00 588.00
78.00 407.00 201.00 407.00
510.00 223.00 707.00 223.00
78.00 590.00 369.00 590.00
248.00 408.00 417.00 406.00
314.00 144.00 416.00 143.00
380.00 489.00 709.00 489.00
14.00 177.00 81.00 178.00
246.00 224.00 295.00 224.00
149.00 487.00 283.00 489.00
125.00 326.00 174.00 326.00
777.00 365.00 777.00 277.00
440.00 407.00 488.00 407.00
778.00 359.00 833.00 358.00
245.00 274.00 245.00 195.00
77.00 368.00 78.00 309.00
778.00 436.00 778.00 358.00
314.00 145.00 416.00 144.00
136.00 327.00 164.00 327.00
79.00 588.00 79.00 540.00
13.00 262.00 15.00 178.00
198.00 487.00 200.00 408.00
205.00 489.00 251.00 488.00
126.00 408.00 182.00 408.00
487.00 90.00 487.00 68.00
78.00 216.00 82.00 177.00
382.00 407.00 487.00 406.00
779.00 436.00 779.00 384.00
776.00 66.00 777.00 169.00
483.00 3.00 483.00 9.00
246.00 246.00 246.00 195.00
366.00 277.00 366.00 305.00
36.00 177.00 83.00 176.00
823.00 351.00 828.00 351.00
261.00 488.00 302.00 488.00
488.00 225.00 508.00 225.00
569.00 326.00 608.00 326.00
488.00 404.00 488.00 383.00
669.00 224.00 707.00 224.00
557.00 326.00 568.00 326.00
255.00 225.00 295.00 225.00
13.00 213.00 13.00 244.00
779.00 553.00 779.00 543.00
487.00 207.00 488.00 275.00
778.00 543.00 778.00 571.00
371.00 436.00 371.00 408.00
558.00 325.00 608.00 325.00
823.00 359.00 833.00 359.00
488.00 224.00 544.00 224.00
80.00 215.00 82.00 184.00
341.00 406.00 378.00 407.00
262.00 407.00 303.00 407.00
822.00 341.00 836.00 340.00
844.00 351.00 845.00 340.00
77.00 369.00 77.00 405.00
245.00 383.00 245.00 407.00
170.00 487.00 197.00 486.00
797.00 358.00 819.00 359.00
371.00 554.00 372.00 585.00
287.00 489.00 297.00 489.00
546.00 613.00 548.00 597.00
245.00 63.00 245.00 91.00
487.00 405.00 487.00 383.00
610.00 345.00 624.00 347.00
555.00 625.00 559.00 625.00
501.00 63.00 501.00 34.00
532.00 626.00 542.00 626.00
246.00 89.00 246.00 71.00
781.00 358.00 785.00 358.00
532.00 627.00 542.00 627.00
82.00 406.00 108.00 406.00
850.00 351.00 850.00 335.00
151.00 488.00 169.00 488.00
488.00 263.00 488.00 246.00
777.00 121.00 777.00 95.00
14.00 182.00 14.00 196.00
777.00 587.00 778.00 572.00
141.00 351.00 145.00 351.00
838.00 351.00 842.00 351.00
485.00 0.00 491.00 0.00
822.00 340.00 826.00 340.00
372.00 569.00 372.00 582.00
547.00 603.00 548.00 593.00
366.00 145.00 367.00 173.00
799.00 323.00 802.00 331.00
325.00 406.00 333.00 406.00
484.00 2.00 494.00 17.00
13.00 246.00 15.00 263.00
16.00 178.00 35.00 178.00
506.00 35.00 514.00 43.00
516.00 24.00 523.00 13.00
824.00 339.00 843.00 339.00
75.00 308.00 79.00 308.00
79.00 435.00 79.00 408.00
777.00 570.00 778.00 586.00
167.00 327.00 174.00 327.00
829.00 341.00 836.00 341.00
517.00 640.00 524.00 640.00
516.00 641.00 521.00 641.00
125.00 327.00 135.00 327.00
199.00 426.00 200.00 437.00
830.00 342.00 836.00 342.00
126.00 360.00 137.00 336.00
807.00 345.00 818.00 322.00
830.00 349.00 836.00 349.00
831.00 347.00 843.00 348.00
821.00 342.00 822.00 350.00
197.00 487.00 197.00 472.00
487.00 196.00 487.00 200.00
572.00 634.00 575.00 626.00
557.00 626.00 567.00 649.00
509.00 1.00 518.00 22.00
545.00 224.00 600.00 224.00
80.00 577.00 80.00 568.00
531.00 634.00 541.00 635.00
366.00 322.00 366.00 306.00
484.00 23.00 489.00 23.00
596.00 355.00 604.00 335.00
798.00 323.00 808.00 345.00
552.00 612.00 560.00 604.00
823.00 350.00 829.00 350.00
487.00 264.00 487.00 275.00
626.00 224.00 668.00 224.00
198.00 450.00 198.00 460.00
844.00 340.00 853.00 340.00
