# x1 y1 x2 y2
508.15 109.98 578.38 110.81
508.15 109.98 507.73 131.21
578.58 390.39 458.54 387.49
578.58 390.39 578.20 358.22
578.58 390.39 578.38 458.61
578.58 390.39 478.83 388.75
578.58 390.39 508.73 388.74
472.94 131.93 472.15 112.45
578.38 110.81 578.22 168.41
578.38 110.81 578.77 96.86
578.38 110.81 580.54 101.72
578.38 110.81 580.38 96.93
585.54 61.05 586.32 55.65
369.03 481.61 342.85 482.19
369.03 481.61 362.04 479.57
472.15 112.45 400.79 112.44
131.12 312.71 130.70 428.53
131.12 312.71 130.15 242.79
135.61 312.68 160.60 312.50
125.63 312.88 43.85 315.50
37.87 315.69 26.40 316.06
131.12 312.71 131.78 242.05
125.64 312.81 40.49 314.44
180.53 115.06 180.59 33.84
433.59 75.12 488.15 74.47
433.59 75.12 503.87 74.27
400.26 386.09 400.28 356.96
400.26 386.09 399.90 428.87
308.79 387.51 227.31 388.77
400.26 386.09 400.00 296.97
396.92 386.71 380.21 389.81
441.53 387.48 478.83 388.75
458.47 387.51 508.73 388.74
578.54 232.99 578.12 215.92
578.54 232.99 578.45 249.29
578.54 232.99 578.93 249.06
578.54 232.99 580.50 224.99
578.54 232.99 537.84 232.51
578.54 232.99 557.12 234.52
534.20 236.17 526.73 236.70
260.02 221.39 298.13 221.33
530.40 483.24 530.41 452.89
530.40 483.24 546.58 483.66
530.40 483.24 547.72 483.98
530.40 483.24 547.72 483.29
586.34 483.41 591.33 483.43
130.70 428.53 399.90 428.87
130.70 428.53 369.51 427.99
130.70 428.53 240.60 428.02
130.70 428.53 230.54 428.00
577.81 537.18 578.05 506.60
578.20 358.22 507.86 358.11
578.20 358.22 578.20 295.88
578.20 358.22 506.26 358.14
578.20 358.22 583.47 359.33
595.94 361.96 600.73 362.97
603.61 363.58 608.88 364.69
526.92 194.02 545.32 193.83
526.92 194.02 547.78 194.88
507.86 358.11 507.91 336.27
454.19 193.42 433.37 193.89
454.19 193.42 433.37 195.08
578.22 168.41 578.77 96.86
472.04 336.28 472.03 358.11
400.37 169.22 400.79 112.44
400.37 169.22 399.74 97.22
394.43 187.65 390.95 198.44
433.25 273.27 453.70 272.98
433.25 273.27 455.20 273.27
180.59 33.84 369.10 34.94
180.59 33.84 178.52 81.14
400.28 356.96 399.90 428.87
400.28 356.96 472.03 358.11
400.28 356.96 400.00 296.97
342.84 452.81 342.85 482.19
342.84 452.81 395.54 451.10
342.84 452.81 389.45 452.42
281.65 458.01 275.19 458.56
342.84 452.81 342.94 474.00
401.05 536.07 400.94 506.59
401.05 536.07 403.48 516.84
96.97 220.66 55.66 222.52
37.74 223.33 28.28 223.75
96.97 220.66 40.83 220.77
525.10 273.05 545.32 273.06
453.70 272.98 433.44 275.22
530.41 452.89 405.45 451.04
530.41 452.89 429.31 453.08
399.90 428.87 399.97 450.95
399.90 428.87 369.51 427.99
399.90 428.87 240.60 428.02
399.90 428.87 230.54 428.00
400.79 112.44 399.74 97.22
400.79 112.44 398.53 101.56
181.37 192.16 179.93 162.95
181.37 192.16 130.29 192.16
181.37 192.16 227.31 192.30
181.37 192.16 179.44 178.94
181.37 192.16 178.45 165.15
578.27 33.86 578.81 48.14
578.27 33.86 581.12 41.58
578.27 33.86 494.24 33.86
578.27 33.86 473.95 33.86
227.08 312.03 227.31 388.77
241.39 312.51 298.13 314.44
227.08 312.03 227.05 242.13
227.31 388.77 380.21 389.81
342.85 482.19 328.46 483.49
309.61 485.19 300.18 486.04
342.85 482.19 314.53 481.91
342.85 482.19 334.52 480.52
342.85 482.19 342.94 474.00
525.44 273.29 545.32 273.06
400.80 50.30 401.17 33.82
130.29 192.16 130.45 196.29
130.29 192.16 131.49 196.29
298.13 314.44 298.13 221.33
545.32 75.12 488.15 74.47
545.32 75.12 503.87 74.27
400.05 232.22 399.25 215.72
400.05 232.22 399.08 248.44
400.05 232.22 437.38 233.48
442.36 233.65 448.83 233.87
400.05 232.22 398.62 226.91
400.05 232.22 398.50 242.22
393.97 271.46 392.91 278.27
400.15 50.06 401.17 33.82
251.92 447.53 260.05 467.25
401.17 33.82 369.10 34.94
401.17 33.82 398.60 50.38
395.54 70.07 394.24 78.50
401.17 33.82 494.24 33.86
401.17 33.82 473.95 33.86
477.19 46.26 484.79 65.82
477.19 46.26 485.66 65.52
405.35 451.34 429.31 453.08
399.97 450.95 401.55 458.06
406.59 480.73 407.52 484.90
395.67 451.55 389.45 452.42
363.77 76.64 362.75 56.77
613.76 487.21 618.18 487.47
587.76 485.69 588.14 465.55
586.39 77.04 586.32 55.65
213.66 140.63 247.93 141.50
257.86 141.76 265.31 141.94
213.66 140.63 255.20 139.77
488.15 74.47 503.87 74.27
11.64 279.61 19.92 298.97
11.64 279.61 17.03 279.58
503.52 70.90 503.02 66.08
502.82 64.16 502.18 57.90
271.87 470.12 280.67 471.29
399.25 215.72 399.05 248.45
369.10 34.94 494.24 33.86
9.95 186.45 19.67 206.40
9.95 186.45 17.37 186.07
23.31 185.78 27.76 185.55
264.17 139.77 261.89 135.44
260.52 132.83 250.04 112.88
262.09 141.25 255.20 139.77
264.28 139.78 262.23 135.45
26.40 316.06 24.52 311.11
26.40 316.06 40.49 314.44
142.49 139.91 142.83 128.97
167.40 152.81 172.34 153.49
28.28 223.75 26.29 219.75
28.28 223.75 40.83 220.77
20.05 206.38 27.76 185.55
35.07 204.92 53.19 202.63
485.66 65.52 493.31 46.00
612.74 199.21 618.20 199.78
448.83 233.87 454.49 231.01
461.44 227.50 470.57 222.88
250.05 112.88 260.79 132.42
373.62 419.27 382.60 401.82
407.52 484.90 407.62 465.88
537.84 232.51 569.33 232.55
608.88 364.69 607.61 347.39
608.88 364.69 602.58 354.38
600.56 351.08 597.79 346.55
608.88 364.69 596.28 366.86
19.92 298.97 27.32 279.50
189.98 230.15 188.93 210.14
618.18 487.47 614.65 479.79
609.67 468.95 607.80 464.88
618.18 487.47 603.81 483.47
618.18 487.47 618.44 477.12
610.72 284.18 618.17 285.07
587.40 281.41 586.52 266.02
607.61 347.39 604.41 352.89
600.47 359.66 596.28 366.86
526.73 236.70 534.16 235.98
549.02 234.53 569.33 232.55
362.75 254.75 363.02 275.15
607.80 464.88 604.51 480.21
362.72 174.90 362.75 194.81
494.24 33.86 473.95 33.86
597.79 346.55 596.28 366.86
373.22 420.57 382.60 401.82
369.51 427.99 240.60 428.02
369.51 427.99 230.54 428.00
470.57 222.88 451.88 224.96
435.75 477.14 435.94 489.14
539.09 219.97 518.50 222.19
478.83 388.75 508.73 388.74
410.00 452.00 531.00 452.00
181.00 34.00 464.00 34.00
401.00 454.00 401.00 446.00
410.00 390.00 578.00 390.00
227.00 389.00 400.00 389.00
579.00 247.00 579.00 218.00
578.00 364.00 578.00 302.00
427.00 453.00 530.00 453.00
130.00 424.00 130.00 324.00
579.00 352.00 579.00 318.00
59.00 314.00 219.00 314.00
236.00 315.00 295.00 315.00
400.00 385.00 400.00 299.00
401.00 163.00 401.00 99.00
509.00 357.00 576.00 357.00
131.00 428.00 361.00 428.00
228.00 388.00 228.00 329.00
131.00 429.00 361.00 429.00
145.00 191.00 175.00 192.00
493.00 32.00 522.00 33.00
343.00 452.00 390.00 453.00
579.00 121.00 579.00 149.00
401.00 527.00 401.00 508.00
546.00 232.00 578.00 232.00
578.00 458.00 579.00 380.00
404.00 113.00 463.00 112.00
228.00 294.00 228.00 264.00
180.00 114.00 180.00 40.00
227.00 388.00 227.00 247.00
196.00 192.00 227.00 192.00
470.00 33.00 498.00 33.00
66.00 219.00 95.00 220.00
137.00 224.00 144.00 224.00
512.00 358.00 549.00 358.00
401.00 357.00 473.00 358.00
131.00 427.00 131.00 244.00
508.00 110.00 560.00 111.00
578.00 143.00 579.00 162.00
428.00 232.00 449.00 232.00
181.00 113.00 181.00 36.00
298.00 314.00 298.00 221.00
129.00 195.00 140.00 191.00
37.00 222.00 66.00 222.00
401.00 232.00 427.00 232.00
400.00 218.00 400.00 243.00
546.00 233.00 578.00 233.00
399.00 164.00 400.00 104.00
579.00 458.00 579.00 437.00
263.00 221.00 296.00 221.00
523.00 34.00 568.00 34.00
578.00 535.00 579.00 518.00
216.00 139.00 238.00 141.00
562.00 35.00 579.00 35.00
437.00 75.00 463.00 75.00
180.00 190.00 228.00 191.00
250.00 314.00 297.00 314.00
180.00 315.00 208.00 315.00
357.00 481.00 367.00 481.00
508.00 128.00 508.00 113.00
436.00 193.00 452.00 193.00
67.00 221.00 95.00 221.00
589.00 484.00 591.00 467.00
230.00 390.00 259.00 390.00
334.00 483.00 367.00 482.00
138.00 222.00 152.00 221.00
343.00 481.00 343.00 453.00
577.00 536.00 579.00 509.00
529.00 273.00 543.00 273.00
547.00 111.00 578.00 109.00
418.00 113.00 472.00 113.00
130.00 279.00 130.00 251.00
529.00 194.00 544.00 194.00
130.00 191.00 162.00 192.00
578.00 436.00 578.00 408.00
535.00 483.00 546.00 482.00
346.00 452.00 385.00 452.00
429.00 358.00 451.00 357.00
405.00 426.00 405.00 430.00
523.00 75.00 544.00 75.00
209.00 315.00 243.00 314.00
400.00 453.00 400.00 433.00
137.00 223.00 145.00 223.00
599.00 484.00 616.00 484.00
531.00 454.00 532.00 463.00
472.00 338.00 472.00 357.00
473.00 128.00 473.00 112.00
535.00 484.00 545.00 483.00
524.00 111.00 546.00 111.00
318.00 390.00 362.00 390.00
579.00 108.00 579.00 99.00
526.00 389.00 565.00 389.00
455.00 224.00 472.00 224.00
442.00 212.00 452.00 236.00
137.00 228.00 163.00 230.00
401.00 528.00 401.00 534.00
401.00 341.00 402.00 297.00
606.00 467.00 607.00 483.00
437.00 194.00 452.00 194.00
353.00 35.00 358.00 35.00
578.00 142.00 578.00 127.00
507.00 359.00 508.00 339.00
401.00 35.00 401.00 45.00
579.00 302.00 579.00 317.00
301.00 485.00 308.00 485.00
454.00 223.00 471.00 223.00
290.00 220.00 299.00 220.00
59.00 315.00 99.00 315.00
411.00 389.00 425.00 389.00
453.00 389.00 509.00 389.00
531.00 460.00 531.00 483.00
67.00 220.00 72.00 220.00
435.00 272.00 442.00 273.00
579.00 379.00 579.00 372.00
144.00 226.00 146.00 222.00
181.00 188.00 182.00 166.00
270.00 390.00 317.00 390.00
506.00 337.00 509.00 356.00
429.00 233.00 435.00 233.00
392.00 452.00 395.00 448.00
404.00 432.00 404.00 425.00
506.00 33.00 520.00 32.00
180.00 175.00 180.00 167.00
440.00 211.00 451.00 210.00
162.00 233.00 162.00 221.00
579.00 368.00 579.00 363.00
301.00 486.00 307.00 486.00
578.00 98.00 578.00 103.00
139.00 218.00 139.00 212.00
182.00 35.00 205.00 35.00
401.00 244.00 401.00 231.00
550.00 358.00 576.00 358.00
473.00 338.00 473.00 355.00
401.00 358.00 428.00 358.00
509.00 115.00 509.00 129.00
588.00 485.00 601.00 476.00
441.00 213.00 450.00 214.00
578.00 155.00 578.00 162.00
130.00 250.00 130.00 246.00
147.00 222.00 152.00 218.00
30.00 224.00 34.00 224.00
443.00 273.00 452.00 272.00
578.00 234.00 578.00 218.00
229.00 141.00 239.00 139.00
163.00 233.00 163.00 220.00
342.00 455.00 342.00 464.00
400.00 40.00 407.00 35.00
526.00 237.00 533.00 237.00
137.00 209.00 141.00 221.00
426.00 389.00 443.00 389.00
48.00 316.00 58.00 316.00
103.00 315.00 117.00 315.00
29.00 318.00 34.00 317.00
598.00 482.00 609.00 466.00
472.00 117.00 472.00 129.00
578.00 518.00 578.00 509.00
492.00 32.00 505.00 33.00
141.00 315.00 155.00 315.00
577.00 360.00 577.00 355.00
152.00 214.00 154.00 228.00
