# x1 y1 x2 y2
871.16 136.13 870.30 211.85
871.16 136.13 876.58 136.09
882.49 136.04 898.24 135.92
903.17 135.89 920.89 135.75
925.81 135.71 935.17 135.64
871.16 136.13 869.80 108.46
871.16 136.13 860.77 135.96
854.83 135.87 838.98 135.62
832.05 135.50 816.21 135.25
810.27 135.16 799.87 134.99
871.16 136.13 860.81 136.00
854.90 135.93 838.14 135.73
871.16 136.13 860.69 136.07
854.71 136.04 838.76 135.95
832.78 135.92 816.82 135.83
810.84 135.80 794.89 135.71
788.91 135.68 772.95 135.59
767.97 135.56 750.02 135.46
870.30 211.85 869.80 108.46
870.30 211.85 817.06 212.09
552.04 212.23 551.59 136.44
552.04 212.23 551.46 108.01
552.04 212.23 606.13 211.86
994.33 390.40 995.89 337.86
994.33 390.40 994.25 440.33
994.33 390.40 982.88 390.35
977.90 390.32 960.97 390.23
956.00 390.21 938.07 390.12
933.09 390.09 916.17 390.00
911.19 389.98 894.26 389.89
889.28 389.87 872.36 389.78
867.38 389.76 851.45 389.67
845.47 389.64 829.54 389.56
823.57 389.53 807.64 389.45
801.66 389.42 785.73 389.34
779.76 389.31 765.32 389.23
994.33 390.40 998.81 390.43
1004.79 390.47 1020.72 390.56
1026.70 390.60 1042.64 390.70
1048.61 390.73 1064.55 390.83
1070.52 390.87 1086.46 390.96
1092.43 391.00 1108.37 391.10
1113.35 391.13 1130.28 391.23
1135.26 391.26 1152.19 391.36
1157.17 391.39 1174.11 391.49
1180.08 391.53 1194.03 391.62
994.33 390.40 998.77 390.35
1004.70 390.27 1020.50 390.08
1026.42 390.01 1042.22 389.81
1048.15 389.74 1064.94 389.53
994.33 390.40 982.86 390.31
977.87 390.27 960.92 390.13
955.93 390.09 938.97 389.95
933.99 389.91 916.03 389.76
911.05 389.72 894.09 389.58
889.10 389.54 873.15 389.40
994.33 390.40 982.84 390.34
977.84 390.31 960.85 390.22
955.85 390.19 938.86 390.10
933.86 390.08 916.87 389.98
911.87 389.96 894.88 389.86
889.88 389.84 872.89 389.74
867.90 389.72 851.91 389.63
845.91 389.60 830.42 389.51
994.33 390.40 982.93 390.28
977.98 390.23 960.14 390.05
955.18 390.00 938.33 389.82
933.38 389.77 916.53 389.59
911.57 389.54 898.19 389.40
994.33 390.40 998.82 390.36
1004.80 390.31 1020.75 390.17
1026.73 390.11 1042.68 389.97
1048.66 389.92 1064.62 389.77
1069.60 389.73 1086.55 389.58
1091.53 389.53 1108.48 389.38
1113.47 389.34 1130.41 389.18
994.33 390.40 998.83 390.36
1004.83 390.31 1020.82 390.17
1026.82 390.12 1042.82 389.98
1048.82 389.93 1064.81 389.79
1069.81 389.75 1086.81 389.60
1091.81 389.56 1108.80 389.41
994.33 390.40 982.87 390.15
977.89 390.04 960.94 389.66
955.96 389.55 938.52 389.16
631.71 657.74 710.87 658.14
631.71 657.74 632.29 616.57
488.31 135.42 503.64 135.66
508.58 135.74 525.39 136.02
530.34 136.10 546.16 136.35
488.31 135.42 488.23 146.84
488.19 152.80 488.07 168.69
488.03 174.65 487.92 190.55
487.87 196.51 487.76 212.40
487.72 217.37 487.61 232.77
488.31 135.42 488.18 146.80
488.11 152.73 487.92 168.56
487.85 174.50 487.67 190.33
487.60 196.27 487.41 212.10
488.31 135.42 488.04 146.80
487.90 152.74 487.52 168.58
487.37 174.52 486.99 190.36
488.31 135.42 487.85 146.80
487.61 152.74 486.97 168.58
995.89 337.86 994.28 107.96
995.89 337.86 976.55 337.87
967.62 337.87 943.81 337.88
1009.31 337.83 1033.18 337.79
1042.13 337.77 1066.99 337.72
995.89 337.86 976.57 337.90
967.65 337.92 943.88 337.98
934.96 338.00 910.19 338.06
1009.25 337.85 1033.99 337.84
995.89 337.86 976.02 337.36
551.59 136.44 551.46 108.01
551.59 136.44 568.04 136.22
574.02 136.15 590.96 135.93
596.94 135.85 612.89 135.64
551.59 136.44 568.09 136.25
574.08 136.19 590.07 136.01
596.07 135.94 612.06 135.76
618.06 135.70 635.05 135.51
641.05 135.44 657.04 135.26
132.96 108.75 230.08 109.31
132.96 108.75 133.07 164.94
132.96 108.75 200.04 105.48
399.06 107.93 399.23 173.46
399.06 107.93 308.19 108.35
399.06 107.93 475.97 108.00
399.06 107.93 408.43 106.44
994.25 440.33 883.07 439.51
994.25 440.33 996.65 502.73
994.25 440.33 1001.93 443.48
994.25 440.33 994.26 477.90
935.17 135.64 935.17 141.14
935.17 147.14 935.17 163.14
935.17 168.14 935.16 185.14
935.16 190.14 935.16 207.14
935.17 135.64 935.17 141.09
935.17 147.04 935.16 163.88
935.16 168.84 935.16 185.68
935.17 135.64 935.17 141.11
935.17 147.08 935.17 164.00
935.17 168.97 935.16 185.89
935.16 190.86 935.16 207.78
935.16 212.75 935.16 229.66
935.17 135.64 935.17 141.98
935.16 147.82 935.16 163.41
935.17 135.64 935.17 141.12
935.17 147.09 935.17 163.03
935.17 168.01 935.17 185.93
935.17 190.91 935.17 207.84
935.17 212.82 935.17 229.75
935.17 234.73 935.17 250.67
514.23 524.29 517.66 575.69
514.23 524.29 440.47 523.17
514.23 524.29 519.46 525.88
514.23 524.29 519.30 526.01
670.98 212.03 718.64 211.45
670.98 212.03 788.18 211.67
883.07 439.51 884.19 443.77
1048.12 187.06 1048.19 214.09
1066.35 148.91 1068.64 144.12
893.25 478.36 893.28 531.25
893.25 478.36 972.05 478.76
893.25 478.36 978.91 477.97
893.25 478.36 891.48 497.58
891.21 500.54 890.54 507.93
893.25 478.36 896.93 533.37
1047.98 286.48 1047.19 241.20
710.87 658.14 799.70 657.00
710.87 658.14 708.93 600.28
315.06 211.72 315.01 379.02
315.06 211.72 356.64 211.09
315.06 211.72 342.75 207.45
994.28 107.96 1048.91 107.86
994.28 107.96 869.80 108.46
994.28 107.96 930.70 108.40
1048.91 107.86 1048.63 135.33
1048.91 107.86 1161.56 109.33
1048.91 107.86 1107.24 107.91
1048.91 107.86 1087.63 107.92
1048.91 107.86 1052.91 115.20
1048.91 107.86 1056.85 105.44
133.59 280.92 132.14 241.76
515.46 628.04 517.66 575.69
515.46 628.04 513.88 604.22
515.46 628.04 366.87 626.49
551.46 108.01 597.99 107.98
551.46 108.01 475.97 108.00
271.30 379.03 315.01 379.02
271.30 379.03 228.17 379.06
271.30 379.03 348.84 380.81
271.30 379.03 268.93 150.99
718.64 211.45 670.82 211.62
718.64 211.45 788.70 211.90
718.64 211.45 788.18 211.67
718.64 211.45 718.60 317.19
711.26 548.94 709.66 475.79
709.98 577.02 708.93 600.28
711.26 548.94 709.03 468.31
762.34 543.93 762.55 526.97
762.61 521.98 762.83 504.01
762.90 499.02 763.09 483.05
763.13 480.06 763.37 461.09
763.44 455.11 763.63 440.14
762.22 543.96 762.07 526.09
762.03 521.12 761.88 504.24
761.84 499.27 761.70 483.39
761.68 480.41 761.64 475.94
762.27 549.42 778.65 549.45
783.62 549.45 800.50 549.48
805.46 549.49 822.34 549.51
827.31 549.52 843.19 549.54
849.15 549.55 858.58 549.57
762.22 543.10 762.10 526.56
762.28 543.04 762.31 526.36
762.32 521.45 762.35 504.76
762.27 549.42 778.74 549.46
783.73 549.47 800.70 549.51
805.69 549.52 822.66 549.56
827.65 549.57 843.63 549.60
849.61 549.61 865.59 549.65
871.58 549.66 887.55 549.70
892.54 549.71 898.03 549.72
762.27 549.42 778.56 549.41
783.50 549.40 800.28 549.39
805.21 549.39 810.64 549.38
1048.19 214.09 1048.35 186.62
1048.19 214.09 1053.54 202.80
1161.56 174.17 1161.56 109.33
1137.18 174.21 1132.20 174.22
1120.26 174.24 1107.32 174.26
1104.33 174.26 1091.39 174.29
1089.40 174.29 1083.43 174.30
1072.48 174.32 1067.01 174.32
765.10 395.66 764.74 406.53
764.38 417.40 763.88 432.22
765.32 389.23 779.73 389.26
785.69 389.26 801.59 389.29
807.55 389.30 823.45 389.32
829.42 389.33 845.32 389.35
851.28 389.36 867.18 389.39
765.32 389.23 779.62 389.30
785.54 389.32 801.32 389.39
807.24 389.41 823.02 389.48
765.32 389.23 779.81 389.25
785.80 389.26 801.78 389.28
807.78 389.29 823.76 389.31
829.76 389.32 845.74 389.34
851.74 389.34 867.72 389.37
873.72 389.37 889.70 389.39
765.32 389.23 779.75 389.23
785.73 389.23 801.65 389.22
807.63 389.22 823.55 389.21
829.52 389.21 845.45 389.20
851.42 389.20 867.35 389.19
873.32 389.19 889.25 389.18
894.23 389.18 911.15 389.17
916.13 389.17 933.05 389.16
764.45 394.57 761.75 411.06
633.18 541.95 633.51 475.79
517.66 575.69 595.27 577.28
517.66 575.69 513.88 604.22
517.66 575.69 512.34 574.56
633.51 475.79 709.66 475.79
633.51 475.79 577.58 475.79
633.51 475.79 635.62 469.79
637.57 464.25 641.46 453.17
1161.56 249.79 1161.56 285.51
869.80 108.46 824.23 108.18
869.80 108.46 824.36 110.05
869.80 108.46 930.70 108.40
398.74 280.58 397.98 250.98
398.74 280.58 401.70 249.90
398.74 280.58 400.95 249.90
637.41 47.74 639.86 76.21
893.28 531.25 974.53 530.83
893.28 531.25 891.51 516.19
1161.56 109.33 1107.24 107.91
1161.56 109.33 1087.63 107.92
1161.56 109.33 1139.55 105.45
1111.17 100.44 1102.37 98.88
345.66 442.46 348.52 488.72
345.66 442.46 348.48 405.19
345.66 442.46 439.31 441.67
709.66 475.79 710.65 468.43
711.83 459.60 714.46 439.98
709.66 475.79 761.64 475.94
709.66 475.79 709.57 468.41
709.45 459.56 709.03 428.58
709.66 475.79 709.27 468.34
315.01 379.02 348.85 380.77
763.61 440.13 762.74 455.82
762.42 461.71 761.64 475.94
763.02 433.34 761.52 417.84
367.30 522.37 440.47 523.17
359.84 522.29 361.53 535.54
366.54 574.78 367.11 579.19
359.84 522.29 359.95 543.61
360.01 554.52 360.13 576.34
360.19 587.25 360.31 609.06
360.37 619.97 360.41 626.42
359.84 522.29 361.22 536.60
366.47 590.89 367.76 604.21
359.84 522.29 361.57 527.49
366.62 542.61 368.67 548.75
228.17 379.06 228.40 494.81
228.17 379.06 230.55 465.36
228.17 379.06 230.23 433.67
686.30 108.33 777.66 107.90
711.29 577.62 708.93 600.28
1208.31 336.22 1207.97 358.51
1207.84 367.43 1207.49 390.21
1197.94 336.45 1174.25 336.98
1165.37 337.18 1141.68 337.71
1197.86 336.66 1174.96 337.63
1208.31 336.22 1208.35 358.49
348.30 493.20 228.40 494.81
354.94 522.03 359.51 543.52
1207.88 400.12 1209.08 424.91
1209.56 434.83 1210.66 457.63
1207.52 390.21 1208.25 367.40
1195.05 391.50 1179.16 391.25
1174.19 391.17 1157.30 390.90
1152.34 390.82 1135.45 390.55
1130.48 390.47 1113.59 390.20
1108.63 390.12 1091.74 389.86
1086.77 389.78 1069.88 389.51
1208.32 400.93 1210.47 424.25
1195.05 391.25 1179.14 390.68
1174.17 390.50 1157.27 389.90
1152.30 389.72 1135.90 389.13
1195.08 391.38 1179.23 390.98
1174.27 390.85 1157.42 390.42
1152.47 390.30 1135.62 389.87
1130.66 389.74 1115.30 389.35
718.59 339.00 718.59 409.08
718.59 339.00 718.60 317.19
718.59 339.00 712.15 338.94
702.22 338.86 679.40 338.66
670.47 338.58 646.66 338.37
718.59 339.00 735.04 338.88
746.00 338.81 769.91 338.64
778.88 338.58 802.79 338.41
718.59 339.00 735.85 338.89
745.71 338.84 769.37 338.70
718.59 339.00 735.00 338.87
745.94 338.78 769.81 338.59
778.76 338.51 802.63 338.32
811.58 338.25 835.45 338.06
718.59 339.00 735.07 338.56
718.59 339.00 712.15 338.88
702.24 338.71 679.44 338.31
718.59 339.00 712.11 338.96
702.14 338.90 679.21 338.78
670.23 338.73 646.30 338.59
637.32 338.54 612.39 338.40
595.27 577.28 594.66 572.86
593.99 567.94 592.51 557.13
592.24 555.16 591.29 548.28
228.40 494.81 230.55 465.36
228.40 494.81 230.23 433.67
440.47 523.17 439.50 455.09
439.42 449.13 439.31 441.67
1208.32 564.04 1208.31 587.87
1208.32 554.61 1209.17 532.32
1209.55 522.42 1210.43 499.63
1208.32 554.61 1208.30 532.20
1208.29 522.25 1208.28 503.82
1208.32 554.61 1210.05 532.53
1127.29 552.50 1112.37 552.12
1105.41 551.94 1090.50 551.55
1084.53 551.39 1068.62 550.98
1062.66 550.83 1046.75 550.41
1040.78 550.26 1026.37 549.88
1127.28 552.36 1112.36 551.94
1105.40 551.75 1090.49 551.34
1084.52 551.17 1068.61 550.73
1062.65 550.56 1047.24 550.14
974.53 530.83 972.50 488.09
974.53 530.83 974.57 505.26
636.62 78.68 639.86 76.21
1207.66 199.94 1205.35 231.12
1207.66 199.94 1211.43 207.55
1216.30 217.39 1218.52 221.86
367.11 579.19 366.48 583.62
361.03 621.99 360.41 626.42
367.11 579.19 367.76 604.21
360.53 621.08 357.12 642.77
367.11 579.19 368.67 548.75
718.59 409.08 577.58 408.59
718.59 409.08 718.60 317.19
718.59 409.08 653.34 408.39
715.03 427.16 708.77 458.91
799.70 657.00 813.69 649.07
817.94 646.67 828.96 640.41
761.64 475.94 761.68 480.36
761.71 483.32 761.85 499.06
761.91 504.96 762.07 521.69
761.64 475.94 761.79 480.33
761.89 483.25 762.36 497.40
811.34 179.97 816.49 172.92
818.78 169.78 821.36 166.26
373.22 604.21 367.76 604.21
356.80 338.44 355.52 346.82
356.80 338.44 371.08 338.32
381.91 338.23 404.56 338.03
356.80 338.44 371.88 337.62
360.41 626.42 359.72 642.73
359.34 651.63 358.34 675.36
357.97 684.26 356.99 707.49
360.41 626.42 359.31 642.77
358.71 651.69 357.12 675.47
366.38 608.38 367.76 604.21
360.41 626.42 357.47 642.09
445.27 688.59 435.48 719.18
435.48 719.18 440.90 719.61
577.58 408.59 653.34 408.39
718.60 317.19 733.07 317.08
739.06 317.03 756.02 316.91
761.01 316.87 778.98 316.73
783.97 316.70 799.93 316.58
805.92 316.53 821.89 316.41
827.88 316.36 843.84 316.24
849.83 316.20 865.80 316.08
871.79 316.03 887.75 315.91
893.74 315.87 909.71 315.75
915.70 315.70 931.66 315.58
711.12 317.19 695.16 317.19
690.18 317.19 673.22 317.19
668.24 317.19 652.28 317.19
646.29 317.19 630.34 317.19
623.36 317.19 607.40 317.19
601.42 317.19 585.46 317.19
580.47 317.19 573.99 317.19
711.16 317.19 695.28 317.19
690.32 317.19 673.45 317.19
668.49 317.19 652.62 317.19
646.67 317.19 630.79 317.19
623.85 317.19 613.43 317.19
718.60 317.19 733.08 317.19
739.07 317.19 756.05 317.19
761.04 317.19 778.02 317.19
783.01 317.19 799.99 317.19
767.51 596.91 762.57 596.44
752.67 595.50 745.75 594.84
475.97 108.00 476.38 112.46
484.52 199.59 485.72 212.47
486.27 218.41 487.61 232.77
472.32 96.26 462.85 65.75
262.29 463.59 250.94 463.30
257.90 465.25 250.94 465.27
358.84 740.55 357.57 717.85
358.96 740.55 358.12 717.89
357.72 707.04 356.88 684.37
358.98 740.47 358.21 717.52
357.88 707.54 357.11 684.59
356.81 675.61 356.04 652.65
361.68 746.96 384.58 746.96
394.53 746.96 417.42 746.96
427.38 746.96 450.27 746.95
361.69 746.96 384.66 746.96
394.65 746.96 417.62 746.96
361.68 746.99 384.57 747.27
394.52 747.40 417.40 747.68
427.35 747.81 450.24 748.09
460.18 748.21 483.07 748.50
361.65 746.96 384.23 746.95
900.36 80.70 895.78 50.75
903.61 81.78 914.74 85.48
927.74 89.80 938.42 93.35
354.41 374.67 361.48 363.98
1099.86 337.76 1075.94 337.71
1108.83 337.77 1132.74 337.78
1099.85 337.77 1075.88 337.80
1066.89 337.81 1042.92 337.84
1108.80 337.77 1132.49 337.77
1141.37 337.77 1165.06 337.77
1065.20 483.42 1071.14 483.36
1105.80 483.02 1113.72 482.95
1038.81 483.20 1035.67 472.75
1031.67 459.43 1030.39 455.15
1208.00 746.95 1208.11 728.68
1208.16 718.80 1208.30 695.09
1208.00 746.95 1208.24 728.46
1208.00 746.95 1187.58 746.96
1178.62 746.96 1154.72 746.96
1145.75 746.96 1121.85 746.97
1208.00 746.95 1187.54 746.95
1178.56 746.95 1154.60 746.95
1145.62 746.95 1121.67 746.95
1112.68 746.95 1088.73 746.95
1208.00 746.95 1187.61 746.95
1178.66 746.95 1154.79 746.95
1208.00 746.95 1187.65 746.87
934.90 337.92 910.19 338.05
934.92 337.95 910.26 338.19
901.39 338.28 877.72 338.51
934.87 337.89 910.02 337.92
901.07 337.93 877.21 337.96
868.26 337.97 844.40 338.00
943.78 337.82 967.27 337.25
1208.31 597.78 1208.30 620.55
1208.30 630.45 1208.30 653.23
1208.31 597.80 1208.29 620.65
1208.47 587.89 1209.32 564.19
1209.63 555.30 1210.45 532.59
1208.30 653.24 1208.29 630.54
1208.30 662.18 1208.31 685.14
1208.30 662.13 1208.32 685.85
1208.33 695.74 1208.34 718.48
972.47 483.17 974.57 505.26
487.48 239.22 487.15 256.11
487.05 261.07 486.70 278.95
486.60 283.92 486.29 299.81
486.15 306.76 485.95 317.19
487.64 239.10 487.73 256.64
487.61 232.77 487.46 217.87
487.61 232.77 487.35 217.29
487.26 212.30 486.99 196.33
487.61 232.77 487.40 217.34
487.33 212.36 487.11 196.43
487.03 190.46 486.81 174.53
1208.29 630.58 1208.30 653.41
1208.30 662.35 1208.31 685.18
775.53 86.61 775.04 81.66
774.84 79.68 773.01 61.36
935.16 315.56 935.16 300.07
935.16 294.07 935.16 278.09
935.16 272.09 935.16 256.10
935.16 250.11 935.16 234.12
935.16 229.12 935.16 212.14
935.16 315.56 935.16 300.13
935.16 294.16 935.16 278.23
935.16 272.26 935.16 256.34
935.16 250.37 935.16 234.44
935.16 229.47 935.16 212.55
935.16 207.57 935.16 190.65
935.16 315.56 935.16 300.13
935.17 294.16 935.18 278.25
935.16 315.56 935.16 300.17
935.16 294.21 935.16 278.32
935.16 272.36 935.16 256.48
935.16 250.52 935.16 234.63
935.16 315.56 935.16 300.20
935.16 294.26 935.17 278.41
935.17 272.46 935.17 256.61
931.67 315.60 915.71 315.81
909.72 315.89 893.76 316.09
887.78 316.17 871.82 316.38
865.83 316.46 849.87 316.66
843.89 316.74 827.93 316.95
821.94 317.03 809.47 317.19
437.84 337.78 414.40 337.95
447.66 337.74 470.66 337.84
447.65 337.74 470.57 337.90
480.54 337.96 503.46 338.12
513.43 338.19 536.35 338.34
437.66 337.67 414.67 337.50
404.67 337.42 381.68 337.25
447.66 337.76 470.62 338.07
480.60 338.21 503.56 338.52
1075.94 337.71 1099.86 337.74
1108.83 337.75 1132.74 337.78
1066.17 337.73 1042.86 337.83
1092.94 720.98 1097.61 705.71
1097.89 704.79 1100.01 697.85
1082.48 720.87 1076.50 720.81
1043.64 720.48 1032.69 720.36
1020.74 720.24 1015.76 720.19
1012.77 720.16 1004.81 720.08
998.83 720.02 993.85 719.97
986.88 719.90 981.90 719.85
972.94 719.76 962.98 719.66
949.04 719.51 937.59 719.40
1082.52 720.89 1076.57 720.84
1040.87 720.56 1034.92 720.51
429.72 423.66 425.51 415.75
421.29 407.85 415.44 396.87
1205.81 231.69 1210.71 232.50
1217.58 233.62 1224.94 234.83
799.87 134.99 794.40 135.00
789.42 135.00 772.50 135.03
767.53 135.04 750.61 135.06
745.63 135.07 728.72 135.09
723.74 135.10 706.83 135.12
701.85 135.13 684.93 135.16
679.96 135.16 663.54 135.19
799.87 134.99 810.33 135.21
816.31 135.33 830.75 135.64
799.87 134.99 794.38 135.03
789.39 135.06 772.43 135.18
767.45 135.21 750.49 135.33
745.50 135.37 728.54 135.48
723.55 135.52 713.07 135.59
799.87 134.99 794.38 135.02
789.39 135.04 772.43 135.12
767.44 135.15 750.47 135.23
745.48 135.26 728.52 135.34
723.53 135.37 706.57 135.45
701.58 135.47 692.10 135.52
799.87 134.99 794.43 135.03
789.49 135.07 772.69 135.19
767.75 135.23 750.94 135.36
1141.64 337.78 1165.12 337.77
676.74 266.53 667.27 265.90
565.59 259.11 560.61 258.78
676.74 266.53 679.22 241.11
1208.31 695.06 1208.34 718.49
637.73 338.35 612.89 338.38
603.95 338.39 579.11 338.42
646.67 338.34 670.52 338.34
679.46 338.34 702.32 338.34
712.26 338.34 735.11 338.34
646.67 338.33 670.51 338.25
637.81 338.35 612.37 338.39
901.25 338.08 877.39 338.16
868.44 338.18 844.57 338.26
835.62 338.29 811.75 338.36
901.32 338.16 877.72 338.50
901.24 338.06 877.31 338.04
868.34 338.03 844.41 338.01
910.18 338.03 934.78 337.68
943.64 337.56 967.26 337.23
650.77 746.98 625.06 746.97
615.17 746.97 592.42 746.96
659.72 746.98 683.66 746.98
692.63 746.98 716.57 746.98
725.54 746.98 749.48 746.98
650.75 746.98 625.85 746.97
615.89 746.97 592.98 746.96
582.03 746.96 559.12 746.95
659.68 746.98 683.47 746.97
692.39 746.97 716.17 746.96
650.78 746.98 625.17 746.98
659.60 746.97 683.09 746.95
356.99 707.49 356.78 684.37
356.99 707.49 359.42 684.15
360.36 675.22 361.49 664.29
366.46 616.63 367.76 604.21
356.99 707.49 356.57 684.26
356.41 675.36 356.00 652.63
253.23 67.72 252.48 76.06
1033.95 337.78 1009.06 337.55
999.10 337.46 976.19 337.25
356.61 675.47 356.02 652.64
404.49 337.76 381.66 337.28
480.63 337.89 503.51 338.02
513.46 338.07 536.34 338.20
546.29 338.26 569.17 338.39
480.64 337.90 503.52 338.08
513.47 338.16 536.36 338.34
470.66 337.83 447.66 337.68
437.67 337.61 414.67 337.46
404.67 337.40 381.68 337.25
480.64 337.96 503.58 338.45
1067.01 174.32 1068.64 144.12
1067.01 174.32 1072.43 174.35
1083.28 174.39 1089.20 174.42
1091.17 174.42 1104.98 174.48
1107.94 174.49 1119.77 174.54
618.82 135.58 635.53 135.43
641.42 135.38 657.15 135.24
618.87 135.61 635.82 135.60
641.80 135.60 657.75 135.60
663.73 135.60 679.68 135.60
684.66 135.59 701.61 135.59
706.59 135.59 713.07 135.59
618.87 135.60 635.81 135.58
641.78 135.58 657.72 135.56
663.70 135.55 679.64 135.53
684.63 135.53 692.10 135.52
618.86 135.60 635.75 135.58
641.71 135.57 657.60 135.55
663.56 135.54 679.46 135.51
684.43 135.51 701.31 135.48
706.28 135.47 723.17 135.45
728.14 135.44 742.54 135.42
811.77 338.38 835.76 338.43
844.75 338.45 868.74 338.51
802.87 338.43 778.25 338.64
811.74 338.34 835.49 338.08
802.80 338.37 778.90 338.35
769.94 338.35 745.05 338.34
868.78 338.54 844.90 338.56
835.95 338.58 811.08 338.61
802.13 338.62 778.25 338.65
868.89 338.41 844.37 338.04
877.73 338.50 901.60 338.16
910.55 338.04 934.42 337.70
943.36 337.57 967.23 337.23
778.25 338.64 802.93 338.40
811.81 338.31 835.50 338.07
769.45 338.57 745.03 338.35
485.95 317.19 486.29 306.84
486.51 299.94 487.06 283.19
487.22 278.26 487.75 262.00
485.95 317.19 486.60 305.90
485.95 317.19 492.38 317.19
497.32 317.19 514.14 317.19
519.09 317.19 536.89 317.19
541.84 317.19 557.67 317.19
563.60 317.19 573.99 317.19
485.95 317.19 492.42 317.19
497.40 317.19 514.33 317.19
519.31 317.19 536.24 317.19
541.22 317.19 557.16 317.19
563.13 317.19 580.06 317.19
585.04 317.19 601.98 317.19
607.95 317.19 613.43 317.19
367.76 604.21 366.41 609.48
361.49 628.62 358.05 642.02
569.18 338.42 546.31 338.40
579.07 338.42 603.55 338.40
569.18 338.44 546.33 338.52
536.39 338.55 513.54 338.63
524.91 260.08 529.86 259.83
535.81 259.52 547.70 258.91
487.75 262.00 487.38 278.28
487.27 283.22 486.86 300.98
1066.77 689.61 1061.96 688.41
546.29 338.39 569.96 338.39
579.83 338.39 603.50 338.39
536.38 338.45 513.54 338.62
835.46 338.03 811.62 338.11
802.68 338.14 778.83 338.22
769.89 338.25 745.05 338.33
487.39 212.10 487.02 196.29
487.40 212.10 487.15 196.27
487.06 190.34 486.81 174.52
996.65 502.73 994.26 477.90
937.59 719.40 949.08 719.53
962.06 719.68 972.05 719.80
981.04 719.90 986.03 719.96
993.02 720.04 998.02 720.10
1004.01 720.17 1013.00 720.28
1016.00 720.31 1020.99 720.37
916.18 719.63 906.22 719.74
898.25 719.82 893.27 719.88
890.29 719.91 882.32 720.00
873.36 720.09 863.40 720.20
1210.78 466.42 1210.79 489.74
1210.41 466.57 1209.10 489.42
1208.53 499.35 1208.28 503.82
1210.78 466.52 1210.78 489.19
1210.78 499.05 1210.78 522.71
1210.78 457.65 1210.79 434.05
1107.24 107.91 1087.63 107.92
33.13 177.73 42.01 207.73
1084.27 96.11 1075.80 66.33
663.54 135.19 679.88 135.32
684.84 135.36 701.68 135.50
706.63 135.54 713.07 135.59
663.54 135.19 679.79 135.38
684.71 135.43 692.10 135.52
663.54 135.19 679.83 135.24
684.77 135.25 701.56 135.30
706.50 135.31 723.29 135.36
728.22 135.38 742.54 135.42
1197.68 487.74 1192.83 486.81
1209.08 499.45 1208.28 503.82
1210.79 499.72 1210.78 522.71
670.54 338.25 646.88 338.30
637.02 338.33 612.38 338.39
770.24 90.79 773.01 61.36
935.16 207.22 935.16 190.59
935.16 212.12 935.17 229.88
935.17 234.81 935.17 250.59
935.17 256.51 935.18 272.30
935.16 212.10 935.16 229.69
935.16 207.15 935.16 190.23
935.16 185.25 935.16 168.32
935.16 212.12 935.17 229.91
935.17 234.85 935.17 250.67
1140.54 483.24 1134.57 483.15
909.10 651.52 907.03 656.56
905.53 660.22 903.27 665.72
902.52 667.56 900.26 673.06
582.57 746.96 559.05 746.95
592.45 746.96 615.28 746.97
582.52 747.02 559.64 747.39
549.70 747.56 526.83 747.93
516.88 748.10 493.02 748.49
582.53 746.96 559.74 746.96
549.83 746.96 526.05 746.96
773.01 61.36 789.21 64.28
1208.28 503.82 1210.72 522.72
42.01 207.73 47.46 208.33
709.03 428.58 708.77 458.91
603.41 338.41 579.45 338.47
569.46 338.49 546.50 338.55
536.51 338.58 513.55 338.63
821.36 166.26 811.91 170.40
807.41 172.36 801.11 175.12
796.61 177.09 789.41 180.24
870.54 672.48 865.66 671.99
1112.97 746.97 1088.62 746.96
1121.87 746.97 1145.83 746.96
1112.91 746.97 1088.15 746.96
1079.23 746.96 1055.46 746.96
1046.55 746.95 1022.78 746.95
1121.86 746.95 1145.81 746.89
1154.79 746.87 1175.24 746.81
1112.90 746.97 1088.08 746.96
1079.15 746.96 1055.32 746.95
749.54 746.98 725.04 746.96
758.46 746.98 782.41 746.96
758.44 746.98 782.30 746.97
791.25 746.97 815.11 746.96
749.49 746.98 725.68 746.96
716.75 746.96 692.93 746.94
549.15 746.95 526.17 746.95
516.18 746.95 493.21 746.95
483.22 746.95 460.24 746.95
559.08 746.95 582.76 746.96
592.62 746.97 615.31 746.97
549.21 747.09 526.52 747.64
516.66 747.88 493.97 748.43
549.30 746.95 526.95 746.96
935.16 190.65 935.16 207.57
935.17 212.55 935.17 229.47
935.17 234.45 935.17 250.38
935.17 256.35 935.18 272.27
935.16 190.67 935.16 207.66
935.16 212.66 935.16 229.66
935.16 185.71 935.16 168.28
935.16 190.67 935.16 207.67
935.17 212.67 935.17 229.66
935.17 234.66 935.17 250.66
725.08 746.96 749.79 746.96
758.69 746.96 782.42 746.96
716.25 746.96 692.86 746.94
656.85 720.31 661.79 720.19
669.69 720.00 677.59 719.81
580.66 720.72 571.72 720.41
450.31 746.95 427.58 746.96
460.22 747.17 483.08 748.30
450.32 746.95 427.61 746.95
417.74 746.95 395.52 746.95
460.23 746.95 483.18 746.96
493.15 746.96 516.10 746.96
1070.87 389.47 1086.76 389.39
1091.72 389.36 1108.60 389.28
1113.56 389.25 1130.44 389.16
468.56 567.35 462.63 567.28
453.74 567.16 446.82 567.07
437.93 566.95 430.03 566.85
478.93 567.49 479.51 552.04
479.55 551.05 479.74 546.07
788.98 179.96 790.31 155.25
615.29 746.97 592.48 746.97
582.57 746.97 559.76 746.96
549.85 746.96 526.05 746.96
473.04 96.21 462.85 65.75
617.50 169.01 617.67 158.61
230.55 465.36 230.23 433.67
858.58 549.57 865.08 549.58
871.07 549.59 887.05 549.62
892.04 549.63 909.02 549.66
914.01 549.67 931.99 549.70
936.98 549.71 953.96 549.75
958.95 549.76 975.93 549.79
980.93 549.80 997.90 549.83
1002.90 549.84 1019.88 549.87
858.58 549.57 865.98 549.60
871.90 549.62 887.67 549.68
892.61 549.70 898.03 549.72
858.58 549.57 849.10 549.53
843.10 549.51 827.12 549.45
822.13 549.43 810.64 549.38
858.58 549.57 865.07 549.57
871.06 549.58 887.02 549.60
892.01 549.61 909.96 549.63
914.95 549.64 931.91 549.66
936.90 549.66 953.86 549.68
958.85 549.69 975.81 549.71
980.80 549.72 986.29 549.72
935.18 272.29 935.17 256.43
935.17 250.48 935.16 234.63
935.18 272.26 935.18 256.27
935.17 250.28 935.17 234.29
935.17 229.29 935.17 212.30
935.17 207.30 935.16 190.31
935.16 185.31 935.16 168.32
935.18 272.30 935.17 256.57
935.16 229.67 935.16 212.85
935.16 207.90 935.16 190.08
935.16 185.13 935.16 168.31
935.16 234.49 935.17 250.69
791.34 746.96 815.13 746.96
791.35 746.96 815.15 746.97
824.08 746.97 848.88 746.97
791.37 746.96 815.26 746.96
824.21 746.96 848.10 746.96
857.06 746.95 881.94 746.95
1026.37 549.88 1040.78 550.06
1019.90 549.87 1002.99 549.85
997.02 549.85 980.11 549.82
975.13 549.82 958.22 549.80
953.24 549.79 936.33 549.77
931.36 549.76 914.44 549.74
909.47 549.74 898.03 549.72
1019.04 549.85 1002.42 549.79
997.53 549.77 986.29 549.72
1030.39 455.15 1048.87 455.67
1120.78 457.66 1126.78 457.82
873.15 389.39 889.12 389.33
894.11 389.31 911.07 389.26
916.07 389.24 933.03 389.18
850.14 241.17 828.95 242.04
676.74 241.00 670.80 240.73
582.55 236.69 577.60 236.46
567.68 236.01 562.23 235.76
649.73 394.48 649.71 386.70
427.59 747.02 450.38 747.60
460.29 747.85 483.09 748.43
417.71 746.96 395.52 746.95
427.60 746.96 450.47 746.96
460.42 746.96 483.29 746.96
493.24 746.96 516.12 746.96
483.10 748.47 460.34 748.07
450.44 747.90 427.68 747.51
417.79 747.34 395.52 746.95
493.89 748.31 516.26 747.25
617.26 803.43 617.13 796.57
616.79 777.96 616.65 770.61
615.29 800.92 610.51 789.18
824.06 746.96 848.88 746.97
824.08 746.96 848.01 746.95
857.99 746.95 881.93 746.95
857.84 746.97 881.76 746.97
890.73 746.97 914.65 746.96
857.86 746.97 881.84 746.97
890.83 746.97 914.81 746.96
923.81 746.96 947.79 746.96
857.69 746.97 881.06 746.95
1088.67 746.95 1112.33 746.95
1121.21 746.95 1145.85 746.95
1079.74 746.95 1055.77 746.95
1046.78 746.95 1022.81 746.95
1088.69 746.95 1112.43 746.91
1121.33 746.90 1145.07 746.86
1154.96 746.85 1175.24 746.81
1079.77 746.95 1055.92 746.95
1046.97 746.95 1022.13 746.95
1013.19 746.95 989.34 746.95
1079.82 746.95 1055.26 746.95
830.42 389.51 845.87 389.49
851.85 389.48 867.79 389.45
873.77 389.44 889.72 389.42
830.42 389.51 845.79 389.46
851.74 389.44 867.61 389.39
873.56 389.37 889.43 389.32
894.39 389.30 911.25 389.25
916.21 389.23 933.07 389.18
1075.80 66.33 1087.20 96.20
1104.57 256.82 1103.49 272.96
1104.57 256.82 1098.97 253.67
1088.63 247.84 1077.01 241.28
405.82 566.54 406.65 542.86
923.60 746.96 947.40 746.96
956.33 746.96 980.13 746.95
989.06 746.95 1013.86 746.95
923.51 746.96 947.83 746.96
923.62 746.96 947.52 746.96
956.48 746.95 980.38 746.95
914.67 746.96 890.88 746.95
1154.81 746.92 1175.24 746.81
1145.84 746.95 1121.97 746.95
1112.02 746.95 1088.15 746.95
1079.20 746.95 1055.33 746.95
935.16 168.31 935.16 185.18
935.16 190.14 935.17 207.01
935.17 212.96 935.17 229.83
935.17 234.79 935.17 250.67
616.65 770.61 610.49 788.28
830.75 135.64 816.38 135.60
810.43 135.59 794.57 135.55
788.63 135.53 772.77 135.50
767.82 135.48 750.97 135.44
1040.77 550.12 1024.85 550.07
1019.88 550.06 1002.97 550.01
997.00 550.00 980.09 549.95
975.12 549.94 958.21 549.89
953.24 549.87 936.33 549.83
931.35 549.81 914.44 549.77
909.47 549.75 898.03 549.72
1040.74 550.09 1024.75 549.98
1019.76 549.95 1002.77 549.84
997.78 549.80 986.29 549.72
1013.88 746.95 989.23 746.95
980.35 746.95 956.68 746.96
1013.89 746.95 989.29 746.95
1022.75 746.95 1046.41 746.94
573.99 317.19 580.40 317.19
585.33 317.19 601.10 317.19
607.02 317.19 613.43 317.19
898.03 549.72 892.57 549.70
887.60 549.68 871.71 549.62
865.76 549.60 849.87 549.53
843.91 549.51 827.03 549.45
822.06 549.43 810.64 549.38
898.03 549.72 909.43 549.72
914.39 549.72 931.25 549.72
936.21 549.72 953.07 549.72
958.02 549.72 975.87 549.72
980.83 549.72 986.29 549.72
956.70 746.96 980.42 746.95
956.76 746.96 980.66 746.95
989.62 746.95 1013.52 746.95
1022.48 746.95 1046.38 746.94
947.79 746.96 923.84 746.96
914.86 746.95 890.91 746.95
406.65 542.86 422.95 543.46
713.07 135.59 706.58 135.57
701.59 135.55 692.10 135.52
989.30 746.95 1013.91 746.95
1022.78 746.95 1046.41 746.94
980.39 746.95 956.52 746.95
947.57 746.95 923.71 746.95
914.76 746.95 890.89 746.95
810.64 549.38 822.12 549.40
827.11 549.41 843.08 549.45
849.07 549.46 865.03 549.49
871.02 549.50 887.99 549.53
892.98 549.54 909.94 549.58
914.93 549.59 931.90 549.62
936.89 549.63 953.85 549.66
958.84 549.67 975.81 549.70
980.80 549.71 986.29 549.72
692.10 135.52 701.49 135.50
706.44 135.49 723.26 135.46
728.20 135.45 742.54 135.42
135.00 109.00 227.00 109.00
995.00 504.00 995.00 109.00
629.00 748.00 646.00 748.00
270.00 379.00 270.00 155.00
316.00 379.00 316.00 213.00
1047.00 338.00 1061.00 338.00
358.00 573.00 358.00 558.00
984.00 550.00 994.00 550.00
675.00 212.00 784.00 212.00
442.00 524.00 442.00 449.00
633.00 657.00 806.00 657.00
370.00 109.00 426.00 109.00
892.00 109.00 948.00 109.00
896.00 478.00 974.00 478.00
1159.00 747.00 1174.00 747.00
1119.00 389.00 1125.00 389.00
666.00 135.00 675.00 135.00
371.00 627.00 515.00 627.00
719.00 408.00 719.00 213.00
374.00 524.00 505.00 524.00
261.00 493.00 317.00 493.00
553.00 109.00 553.00 154.00
1210.00 681.00 1210.00 666.00
720.00 317.00 731.00 317.00
684.00 338.00 698.00 338.00
632.00 537.00 632.00 508.00
887.00 440.00 994.00 440.00
729.00 748.00 745.00 748.00
345.00 491.00 345.00 382.00
871.00 210.00 871.00 133.00
230.00 474.00 230.00 399.00
248.00 379.00 304.00 379.00
419.00 338.00 433.00 338.00
738.00 479.00 743.00 479.00
691.00 109.00 745.00 109.00
534.00 135.00 543.00 135.00
1162.00 170.00 1162.00 112.00
399.00 747.00 413.00 747.00
874.00 94.00 936.00 94.00
813.00 389.00 818.00 389.00
895.00 530.00 975.00 530.00
711.00 656.00 711.00 620.00
133.00 111.00 134.00 151.00
358.00 605.00 358.00 591.00
400.00 169.00 400.00 130.00
795.00 748.00 811.00 748.00
863.00 109.00 891.00 109.00
657.00 317.00 664.00 317.00
1005.00 550.00 1016.00 550.00
579.00 479.00 606.00 479.00
991.00 109.00 1049.00 110.00
936.00 204.00 936.00 194.00
358.00 540.00 358.00 525.00
500.00 319.00 534.00 319.00
488.00 208.00 488.00 199.00
431.00 748.00 447.00 748.00
1162.00 254.00 1162.00 272.00
359.00 338.00 367.00 338.00
534.00 109.00 557.00 109.00
729.00 478.00 757.00 478.00
986.00 389.00 994.00 389.00
975.00 529.00 975.00 503.00
346.00 442.00 366.00 442.00
952.00 109.00 980.00 109.00
555.00 212.00 593.00 212.00
553.00 206.00 554.00 178.00
551.00 338.00 565.00 338.00
623.00 135.00 631.00 135.00
1092.00 748.00 1108.00 748.00
830.00 550.00 840.00 550.00
894.00 529.00 894.00 480.00
229.00 492.00 229.00 475.00
488.00 164.00 488.00 155.00
637.00 784.00 637.00 794.00
638.00 73.00 638.00 53.00
1210.00 714.00 1210.00 700.00
744.00 317.00 752.00 317.00
828.00 748.00 844.00 748.00
558.00 109.00 580.00 109.00
1134.00 109.00 1161.00 109.00
1210.00 355.00 1210.00 339.00
358.00 460.00 358.00 475.00
696.00 748.00 712.00 748.00
821.00 212.00 862.00 212.00
530.00 748.00 546.00 748.00
679.00 476.00 692.00 476.00
1210.00 480.00 1210.00 471.00
907.00 135.00 916.00 135.00
632.00 654.00 632.00 622.00
320.00 109.00 369.00 109.00
882.00 338.00 896.00 338.00
790.00 246.00 797.00 265.00
791.00 389.00 796.00 389.00
318.00 211.00 351.00 211.00
712.00 516.00 712.00 543.00
960.00 748.00 976.00 748.00
694.00 478.00 727.00 478.00
1011.00 390.00 1016.00 390.00
876.00 317.00 883.00 317.00
870.00 135.00 870.00 110.00
856.00 389.00 862.00 389.00
1130.00 747.00 1138.00 747.00
400.00 276.00 400.00 258.00
488.00 297.00 488.00 288.00
976.00 504.00 994.00 504.00
1210.00 733.00 1210.00 745.00
679.00 317.00 686.00 317.00
674.00 409.00 708.00 409.00
993.00 748.00 1010.00 748.00
370.00 557.00 370.00 526.00
1195.00 409.00 1195.00 400.00
936.00 226.00 936.00 216.00
1015.00 338.00 1028.00 338.00
1210.00 371.00 1210.00 387.00
433.00 109.00 446.00 109.00
815.00 261.00 815.00 276.00
803.00 265.00 808.00 247.00
927.00 748.00 943.00 748.00
487.00 163.00 487.00 158.00
637.00 479.00 658.00 478.00
358.00 656.00 358.00 671.00
827.00 667.00 827.00 646.00
777.00 135.00 785.00 135.00
330.00 379.00 338.00 379.00
1049.00 120.00 1049.00 109.00
762.00 493.00 762.00 485.00
565.00 319.00 578.00 319.00
563.00 748.00 579.00 748.00
554.00 135.00 565.00 135.00
358.00 736.00 358.00 722.00
980.00 337.00 994.00 337.00
318.00 493.00 344.00 493.00
1049.00 249.00 1050.00 282.00
799.00 271.00 800.00 266.00
750.00 338.00 764.00 338.00
1048.00 109.00 1060.00 109.00
974.00 479.00 976.00 509.00
762.00 748.00 776.00 748.00
897.00 79.00 897.00 55.00
367.00 443.00 401.00 443.00
711.00 479.00 712.00 515.00
229.00 398.00 229.00 381.00
134.00 276.00 134.00 252.00
816.00 338.00 830.00 338.00
918.00 550.00 928.00 550.00
651.00 338.00 665.00 338.00
230.00 493.00 260.00 493.00
900.00 389.00 906.00 389.00
523.00 338.00 532.00 338.00
761.00 408.00 761.00 404.00
1162.00 274.00 1162.00 278.00
1027.00 748.00 1043.00 748.00
613.00 793.00 613.00 781.00
465.00 748.00 480.00 748.00
1210.00 602.00 1210.00 616.00
832.00 317.00 839.00 317.00
663.00 748.00 680.00 747.00
1210.00 647.00 1210.00 635.00
1195.00 467.00 1195.00 476.00
852.00 550.00 862.00 550.00
596.00 748.00 605.00 748.00
386.00 338.00 395.00 338.00
1113.00 338.00 1128.00 338.00
940.00 550.00 950.00 550.00
1195.00 449.00 1195.00 453.00
905.00 81.00 905.00 68.00
1210.00 453.00 1210.00 438.00
579.00 135.00 586.00 135.00
632.00 501.00 633.00 481.00
910.00 501.00 910.00 491.00
894.00 748.00 910.00 748.00
766.00 236.00 767.00 248.00
612.00 317.00 619.00 317.00
755.00 135.00 764.00 135.00
1059.00 748.00 1073.00 748.00
488.00 253.00 488.00 243.00
769.00 389.00 774.00 389.00
497.00 748.00 511.00 748.00
659.00 476.00 667.00 476.00
1075.00 389.00 1081.00 389.00
1054.00 389.00 1059.00 389.00
358.00 394.00 358.00 410.00
919.00 317.00 934.00 316.00
1179.00 338.00 1193.00 338.00
485.00 338.00 499.00 338.00
936.00 238.00 936.00 247.00
623.00 338.00 631.00 338.00
861.00 748.00 878.00 747.00
1192.00 747.00 1209.00 746.00
1085.00 338.00 1094.00 338.00
640.00 75.00 653.00 75.00
768.00 390.00 775.00 390.00
1185.00 389.00 1190.00 389.00
487.00 207.00 487.00 202.00
1184.00 390.00 1192.00 390.00
821.00 135.00 828.00 135.00
461.00 338.00 466.00 338.00
809.00 550.00 818.00 550.00
1210.00 404.00 1210.00 421.00
815.00 643.00 825.00 643.00
813.00 668.00 823.00 668.00
231.00 379.00 241.00 379.00
358.00 638.00 358.00 622.00
688.00 135.00 697.00 135.00
1097.00 389.00 1103.00 389.00
591.00 338.00 598.00 338.00
928.00 106.00 932.00 95.00
761.00 530.00 761.00 539.00
649.00 774.00 652.00 788.00
810.00 317.00 817.00 317.00
954.00 338.00 962.00 338.00
936.00 313.00 936.00 303.00
787.00 338.00 793.00 338.00
554.00 173.00 554.00 159.00
358.00 343.00 358.00 339.00
358.00 361.00 358.00 375.00
487.00 269.00 488.00 275.00
790.00 390.00 797.00 390.00
915.00 338.00 929.00 338.00
936.00 150.00 936.00 156.00
874.00 550.00 883.00 550.00
367.00 747.00 375.00 747.00
1053.00 390.00 1060.00 390.00
1027.00 550.00 1034.00 550.00
809.00 650.00 811.00 646.00
305.00 379.00 322.00 379.00
936.00 175.00 936.00 182.00
628.00 795.00 635.00 795.00
399.00 116.00 399.00 110.00
905.00 83.00 913.00 83.00
897.00 317.00 905.00 317.00
787.00 550.00 797.00 550.00
134.00 156.00 134.00 160.00
765.00 550.00 774.00 550.00
358.00 703.00 358.00 689.00
896.00 550.00 906.00 550.00
1210.00 568.00 1210.00 583.00
490.00 135.00 500.00 135.00
611.00 479.00 627.00 479.00
766.00 317.00 773.00 317.00
832.00 242.00 848.00 242.00
888.00 135.00 894.00 135.00
728.00 337.00 732.00 337.00
936.00 281.00 936.00 291.00
586.00 109.00 590.00 109.00
487.00 294.00 487.00 289.00
841.00 135.00 850.00 135.00
963.00 550.00 972.00 550.00
1146.00 338.00 1161.00 338.00
630.00 779.00 635.00 779.00
456.00 338.00 460.00 338.00
865.00 212.00 870.00 211.00
936.00 262.00 936.00 269.00
647.00 803.00 652.00 791.00
358.00 507.00 358.00 493.00
910.00 511.00 910.00 502.00
488.00 230.00 488.00 221.00
543.00 319.00 553.00 319.00
798.00 135.00 802.00 135.00
761.00 508.00 761.00 518.00
617.00 338.00 622.00 338.00
834.00 390.00 841.00 390.00
615.00 776.00 618.00 772.00
358.00 441.00 358.00 428.00
711.00 135.00 719.00 135.00
849.00 338.00 854.00 338.00
703.00 317.00 707.00 317.00
981.00 109.00 996.00 110.00
628.00 789.00 636.00 783.00
812.00 390.00 819.00 390.00
323.00 379.00 328.00 379.00
487.00 185.00 487.00 180.00
1141.00 389.00 1147.00 389.00
601.00 135.00 608.00 135.00
597.00 212.00 601.00 212.00
488.00 317.00 488.00 309.00
944.00 389.00 950.00 389.00
807.00 652.00 808.00 661.00
614.00 793.00 618.00 802.00
816.00 261.00 822.00 260.00
714.00 409.00 718.00 409.00
399.00 129.00 399.00 120.00
930.00 135.00 935.00 135.00
855.00 338.00 863.00 338.00
